pair_id,target
11691,0
11692,0
11693,1
11694,1
11695,0
11696,0
11697,0
11698,0
11699,0
11700,0
11701,0
11702,0
11703,0
11704,1
11705,0
11706,0
11707,0
11708,0
11709,0
11710,0
11711,0
11712,0
11713,0
11714,0
11715,0
11716,0
11717,0
11718,0
11719,0
11720,0
11721,0
11722,0
11723,0
11724,0
11725,0
11726,0
11727,0
11728,0
11729,0
11730,0
11731,1
11732,1
11733,0
11734,1
11735,0
11736,0
11737,0
11738,0
11739,0
11740,1
11741,0
11742,1
11743,0
11744,0
11745,0
11746,0
11747,1
11748,0
11749,1
11750,1
11751,0
11752,0
11753,0
11754,0
11755,0
11756,0
11757,0
11758,0
11759,0
11760,0
11761,0
11762,0
11763,0
11764,0
11765,0
11766,1
11767,0
11768,0
11769,0
11770,0
11771,0
11772,1
11773,0
11774,0
11775,0
11776,0
11777,0
11778,0
11779,0
11780,0
11781,0
11782,0
11783,0
11784,0
11785,0
11786,0
11787,0
11788,0
11789,0
11790,0
11791,0
11792,0
11793,0
11794,0
11795,0
11796,0
11797,0
11798,0
11799,0
11800,0
11801,1
11802,0
11803,0
11804,0
11805,0
11806,0
11807,0
11808,0
11809,1
11810,1
11811,0
11812,0
11813,0
11814,0
11815,0
11816,1
11817,0
11818,0
11819,0
11820,0
11821,0
11822,0
11823,0
11824,0
11825,0
11826,0
11827,0
11828,0
11829,0
11830,0
11831,0
11832,0
11833,0
11834,0
11835,0
11836,1
11837,0
11838,0
11839,0
11840,1
11841,0
11842,0
11843,0
11844,0
11845,0
11846,1
11847,0
11848,0
11849,0
11850,0
11851,0
11852,1
11853,1
11854,0
11855,0
11856,0
11857,0
11858,0
11859,0
11860,0
11861,0
11862,0
11863,0
11864,0
11865,0
11866,0
11867,0
11868,0
11869,1
11870,0
11871,0
11872,0
11873,0
11874,0
11875,0
11876,0
11877,1
11878,1
11879,0
11880,0
11881,1
11882,0
11883,0
11884,0
11885,0
11886,1
11887,0
11888,0
11889,0
11890,0
11891,1
11892,0
11893,1
11894,0
11895,0
11896,0
11897,0
11898,1
11899,0
11900,1
11901,0
11902,0
11903,1
11904,0
11905,0
11906,1
11907,0
11908,0
11909,0
11910,1
11911,0
11912,0
11913,1
11914,0
11915,0
11916,1
11917,0
11918,0
11919,1
11920,0
11921,0
11922,0
11923,0
11924,0
11925,0
11926,0
11927,0
11928,0
11929,0
11930,1
11931,0
11932,0
11933,0
11934,0
11935,1
11936,0
11937,0
11938,0
11939,0
11940,1
11941,0
11942,0
11943,0
11944,0
11945,0
11946,0
11947,0
11948,0
11949,0
11950,0
11951,0
11952,0
11953,0
11954,0
11955,1
11956,0
11957,0
11958,0
11959,0
11960,1
11961,0
11962,0
11963,0
11964,0
11965,1
11966,0
11967,0
11968,0
11969,1
11970,0
11971,0
11972,0
11973,0
11974,0
11975,0
11976,0
11977,0
11978,0
11979,0
11980,0
11981,0
11982,1
11983,1
11984,0
11985,0
11986,0
11987,0
11988,0
11989,1
11990,0
11991,0
11992,0
11993,0
11994,0
11995,0
11996,0
11997,0
11998,1
11999,0
12000,1
12001,0
12002,0
12003,0
12004,0
12005,0
12006,0
12007,0
12008,0
12009,0
12010,0
12011,0
12012,0
12013,0
12014,0
12015,0
12016,0
12017,0
12018,0
12019,0
12020,1
12021,1
12022,0
12023,0
12024,0
12025,0
12026,1
12027,0
12028,0
12029,0
12030,0
12031,1
12032,0
12033,0
12034,0
12035,0
12036,0
12037,0
12038,0
12039,0
12040,0
12041,0
12042,0
12043,0
12044,1
12045,0
12046,0
12047,0
12048,0
12049,1
12050,0
12051,0
12052,0
12053,0
12054,0
12055,0
12056,0
12057,0
12058,0
12059,0
12060,1
12061,0
12062,0
12063,0
12064,0
12065,0
12066,0
12067,0
12068,0
12069,1
12070,0
12071,0
12072,0
12073,0
12074,0
12075,1
12076,0
12077,0
12078,0
12079,0
12080,0
12081,0
12082,0
12083,0
12084,0
12085,0
12086,0
12087,0
12088,0
12089,0
12090,0
12091,0
12092,0
12093,0
12094,0
12095,0
12096,0
12097,0
12098,1
12099,0
12100,0
12101,0
12102,0
12103,1
12104,0
12105,1
12106,1
12107,0
12108,0
12109,0
12110,0
12111,0
12112,0
12113,1
12114,0
12115,0
12116,1
12117,0
12118,0
12119,0
12120,0
12121,0
12122,1
12123,1
12124,0
12125,0
12126,1
12127,0
12128,0
12129,0
12130,0
12131,0
12132,0
12133,1
12134,0
12135,1
12136,0
12137,1
12138,0
12139,0
12140,1
12141,0
12142,0
12143,1
12144,0
12145,1
12146,0
12147,0
12148,0
12149,1
12150,0
12151,0
12152,1
12153,0
12154,0
12155,0
12156,0
12157,1
12158,0
12159,0
12160,0
12161,0
12162,1
12163,0
12164,0
12165,0
12166,0
12167,0
12168,0
12169,0
12170,0
12171,0
12172,0
12173,0
12174,0
12175,0
12176,0
12177,0
12178,0
12179,1
12180,1
12181,1
12182,0
12183,1
12184,1
12185,1
12186,1
12187,1
12188,1
12189,1
12190,1
12191,1
12192,1
12193,1
12194,1
12195,1
12196,1
12197,1
12198,1
12199,0
12200,1
12201,1
12202,1
12203,1
12204,0
12205,0
12206,1
12207,1
12208,1
12209,1
12210,0
12211,0
12212,0
12213,1
12214,1
12215,1
12216,1
12217,1
12218,1
12219,0
12220,1
12221,1
12222,1
12223,1
12224,1
12225,1
12226,1
12227,1
12228,1
12229,1
12230,1
12231,1
12232,1
12233,0
12234,0
12235,1
12236,1
12237,1
12238,1
12239,1
12240,1
12241,1
12242,1
12243,1
12244,0
12245,1
12246,1
12247,1
12248,1
12249,0
12250,1
12251,1
12252,1
12253,0
12254,1
12255,1
12256,1
12257,1
12258,1
12259,1
12260,1
12261,1
12262,1
12263,1
12264,1
12265,1
12266,1
12267,1
12268,0
12269,0
12270,1
12271,1
12272,1
12273,0
12274,0
12275,1
12276,0
12277,0
12278,0
12279,0
12280,0
12281,0
12282,0
12283,0
12284,0
12285,0
12286,0
12287,0
12288,0
12289,0
12290,0
12291,0
12292,0
12293,0
12294,0
12295,0
12296,0
12297,0
12298,0
12299,0
12300,0
12301,0
12302,0
12303,0
12304,0
12305,0
12306,0
12307,0
12308,0
12309,0
12310,0
12311,0
12312,0
12313,0
12314,0
12315,0
12316,0
12317,0
12318,0
12319,1
12320,0
12321,0
12322,0
12323,0
12324,0
12325,0
12326,0
12327,0
12328,0
12329,0
12330,0
12331,0
12332,0
12333,0
12334,0
12335,0
12336,0
12337,0
12338,0
12339,0
12340,0
12341,0
12342,0
12343,0
12344,0
12345,0
12346,0
12347,0
12348,0
12349,0
12350,0
12351,0
12352,0
12353,0
12354,0
12355,0
12356,0
12357,0
12358,0
12359,0
12360,0
12361,0
12362,0
12363,0
12364,0
12365,0
12366,0
12367,0
12368,0
12369,0
12370,0
12371,1
12372,0
12373,1
12374,0
12375,1
12376,1
12377,1
12378,1
12379,1
12380,1
12381,1
12382,1
12383,1
12384,1
12385,1
12386,1
12387,1
12388,1
12389,1
12390,1
12391,1
12392,1
12393,1
12394,1
12395,1
12396,1
12397,1
12398,1
12399,1
12400,1
12401,1
12402,1
12403,1
12404,1
12405,1
12406,1
12407,1
12408,1
12409,1
12410,0
12411,1
12412,1
12413,1
12414,1
12415,1
12416,1
12417,1
12418,1
12419,1
12420,1
12421,1
12422,1
12423,1
12424,1
12425,1
12426,1
12427,1
12428,1
12429,0
12430,1
12431,0
12432,1
12433,1
12434,1
12435,1
12436,1
12437,1
12438,1
12439,1
12440,1
12441,1
12442,1
12443,1
12444,1
12445,1
12446,1
12447,1
12448,1
12449,1
12450,1
12451,1
12452,1
12453,1
12454,1
12455,1
12456,1
12457,1
12458,1
12459,1
12460,1
12461,1
12462,1
12463,1
12464,1
12465,1
12466,1
12467,1
12468,1
12469,1
12470,0
12471,0
12472,0
12473,0
12474,0
12475,0
12476,0
12477,0
12478,0
12479,0
12480,0
12481,0
12482,0
12483,0
12484,0
12485,0
12486,1
12487,0
12488,1
12489,0
12490,0
12491,0
12492,0
12493,0
12494,0
12495,0
12496,0
12497,0
12498,0
12499,0
12500,0
12501,0
12502,0
12503,0
12504,0
12505,0
12506,0
12507,0
12508,0
12509,0
12510,0
12511,0
12512,0
12513,0
12514,0
12515,0
12516,0
12517,0
12518,0
12519,0
12520,1
12521,0
12522,0
12523,0
12524,0
12525,0
12526,0
12527,0
12528,0
12529,1
12530,0
12531,0
12532,0
12533,0
12534,0
12535,0
12536,0
12537,0
12538,0
12539,0
12540,0
12541,0
12542,0
12543,0
12544,1
12545,0
12546,0
12547,0
12548,0
12549,0
12550,0
12551,0
12552,0
12553,0
12554,0
12555,0
12556,1
12557,0
12558,0
12559,0
12560,0
12561,0
12562,1
12563,0
12564,1
12565,0
12566,0
12567,0
12568,0
12569,0
12570,0
12571,0
12572,0
12573,0
12574,0
12575,0
12576,0
12577,1
12578,0
12579,0
12580,0
12581,0
12582,1
12583,0
12584,0
12585,0
12586,0
12587,0
12588,0
12589,1
12590,0
12591,0
12592,1
12593,0
12594,0
12595,0
12596,0
12597,0
12598,0
12599,0
12600,0
12601,0
12602,0
12603,0
12604,0
12605,0
12606,0
12607,0
12608,0
12609,0
12610,0
12611,0
12612,0
12613,0
12614,0
12615,0
12616,1
12617,0
12618,0
12619,1
12620,1
12621,0
12622,0
12623,1
12624,0
12625,0
12626,0
12627,0
12628,0
12629,0
12630,0
12631,0
12632,0
12633,0
12634,0
12635,0
12636,1
12637,1
12638,0
12639,0
12640,0
12641,0
12642,0
12643,0
12644,0
12645,0
12646,1
12647,1
12648,1
12649,0
12650,1
12651,0
12652,0
12653,0
12654,0
12655,0
12656,0
12657,1
12658,0
12659,0
12660,0
12661,1
12662,0
12663,0
12664,1
12665,1
12666,1
12667,0
12668,0
12669,0
12670,0
12671,0
12672,0
12673,0
12674,0
12675,1
12676,0
12677,0
12678,0
12679,0
12680,1
12681,0
12682,0
12683,0
12684,0
12685,0
12686,1
12687,0
12688,1
12689,1
12690,0
12691,1
12692,0
12693,0
12694,0
12695,1
12696,0
12697,1
12698,0
12699,0
12700,0
12701,0
12702,0
12703,0
12704,1
12705,0
12706,1
12707,0
12708,0
12709,0
12710,0
12711,0
12712,0
12713,1
12714,0
12715,0
12716,0
12717,0
12718,0
12719,1
12720,0
12721,0
12722,0
12723,0
12724,0
12725,0
12726,0
12727,0
12728,0
12729,1
12730,0
12731,0
12732,0
12733,0
12734,0
12735,0
12736,0
12737,0
12738,0
12739,0
12740,0
12741,0
12742,1
12743,0
12744,0
12745,0
12746,0
12747,0
12748,0
12749,0
12750,0
12751,0
12752,0
12753,0
12754,0
12755,0
12756,0
12757,0
12758,0
12759,1
12760,0
12761,0
12762,0
12763,0
12764,0
12765,0
12766,1
12767,0
12768,0
12769,0
12770,0
12771,0
12772,0
12773,0
12774,0
12775,0
12776,0
12777,0
12778,0
12779,0
12780,0
12781,0
12782,0
12783,1
12784,0
12785,0
12786,0
12787,0
12788,0
12789,0
12790,0
12791,0
12792,0
12793,0
12794,0
12795,0
12796,0
12797,0
12798,0
12799,1
12800,0
12801,0
12802,0
12803,1
12804,0
12805,0
12806,0
12807,0
12808,0
12809,0
12810,0
12811,0
12812,0
12813,0
12814,0
12815,0
12816,0
12817,0
12818,0
12819,0
12820,0
12821,1
12822,0
12823,0
12824,0
12825,0
12826,0
12827,0
12828,0
12829,0
12830,0
12831,0
12832,0
12833,1
12834,0
12835,0
12836,0
12837,0
12838,1
12839,0
12840,0
12841,1
12842,1
12843,1
12844,0
12845,1
12846,0
12847,0
12848,0
12849,0
12850,0
12851,0
12852,0
12853,0
12854,0
12855,0
12856,0
12857,0
12858,0
12859,0
12860,0
12861,0
12862,0
12863,0
12864,1
12865,0
12866,0
12867,0
12868,1
12869,0
12870,0
12871,0
12872,1
12873,0
12874,0
12875,0
12876,0
12877,0
12878,0
12879,0
12880,0
12881,1
12882,0
12883,0
12884,0
12885,0
12886,0
12887,0
12888,0
12889,0
12890,0
12891,0
12892,0
12893,0
12894,0
12895,0
12896,0
12897,1
12898,0
12899,0
12900,0
12901,0
12902,0
12903,0
12904,0
12905,0
12906,0
12907,0
12908,1
12909,0
12910,0
12911,1
12912,1
12913,1
12914,1
12915,0
12916,0
12917,0
12918,0
12919,0
12920,0
12921,0
12922,0
12923,0
12924,0
12925,0
12926,0
12927,0
12928,0
12929,0
12930,0
12931,1
12932,0
12933,0
12934,0
12935,0
12936,0
12937,0
12938,0
12939,0
12940,0
12941,0
12942,0
12943,0
12944,1
12945,0
12946,0
12947,0
12948,0
12949,0
12950,0
12951,0
12952,1
12953,0
12954,0
12955,0
12956,0
12957,0
12958,0
12959,1
12960,0
12961,0
12962,0
12963,0
12964,0
12965,0
12966,0
12967,0
12968,0
12969,0
12970,0
12971,0
12972,0
12973,0
12974,1
12975,0
12976,0
12977,0
12978,0
12979,0
12980,0
12981,0
12982,0
12983,0
12984,0
12985,0
12986,0
12987,0
12988,0
12989,0
12990,0
12991,0
12992,0
12993,0
12994,0
12995,0
12996,0
12997,0
12998,0
12999,0
13000,0
13001,0
13002,0
13003,0
13004,0
13005,0
13006,0
13007,0
13008,0
13009,0
13010,0
13011,0
13012,0
13013,0
13014,1
13015,0
13016,0
13017,0
13018,1
13019,0
13020,0
13021,0
13022,0
13023,0
13024,0
13025,0
13026,0
13027,0
13028,0
13029,0
13030,0
13031,1
13032,0
13033,0
13034,0
13035,0
13036,0
13037,1
13038,0
13039,0
13040,0
13041,0
13042,0
13043,0
13044,0
13045,0
13046,0
13047,0
13048,0
13049,0
13050,0
13051,0
13052,0
13053,0
13054,0
13055,0
13056,0
13057,0
13058,0
13059,0
13060,0
13061,1
13062,0
13063,0
13064,0
13065,0
13066,0
13067,0
13068,0
13069,0
13070,0
13071,0
13072,0
13073,0
13074,0
13075,0
13076,0
13077,0
13078,0
13079,0
13080,0
13081,0
13082,0
13083,0
13084,0
13085,0
13086,0
13087,0
13088,0
13089,0
13090,0
13091,0
13092,0
13093,1
13094,1
13095,0
13096,0
13097,0
13098,0
13099,0
13100,0
13101,0
13102,0
13103,1
13104,0
13105,0
13106,0
13107,0
13108,1
13109,0
13110,0
13111,0
13112,0
13113,0
13114,1
13115,0
13116,0
13117,0
13118,0
13119,0
13120,0
13121,1
13122,0
13123,0
13124,0
13125,1
13126,0
13127,0
13128,0
13129,0
13130,1
13131,0
13132,0
13133,0
13134,0
13135,1
13136,0
13137,0
13138,1
13139,0
13140,0
13141,0
13142,0
13143,0
13144,0
13145,0
13146,0
13147,0
13148,0
13149,0
13150,0
13151,0
13152,0
13153,0
13154,0
13155,1
13156,0
13157,0
13158,0
13159,1
13160,0
13161,0
13162,0
13163,0
13164,1
13165,0
13166,1
13167,0
13168,0
13169,1
13170,0
13171,0
13172,1
13173,1
13174,0
13175,1
13176,1
13177,0
13178,0
13179,0
13180,0
13181,0
13182,0
13183,0
13184,0
13185,0
13186,0
13187,1
13188,0
13189,0
13190,0
13191,1
13192,0
13193,0
13194,0
13195,0
13196,0
13197,0
13198,0
13199,0
13200,0
13201,0
13202,0
13203,0
13204,0
13205,1
13206,0
13207,0
13208,0
13209,0
13210,0
13211,0
13212,0
13213,0
13214,0
13215,1
13216,1
13217,1
13218,0
13219,0
13220,1
13221,0
13222,0
13223,0
13224,1
13225,1
13226,1
13227,1
13228,1
13229,0
13230,1
13231,1
13232,0
13233,0
13234,0
13235,0
13236,1
13237,1
13238,1
13239,0
13240,1
13241,0
13242,0
13243,0
13244,0
13245,1
13246,1
13247,1
13248,1
13249,1
13250,1
13251,1
13252,0
13253,1
13254,1
13255,0
13256,0
13257,0
13258,0
13259,1
13260,0
13261,1
13262,1
13263,0
13264,0
13265,1
13266,1
13267,1
13268,1
13269,1
13270,1
13271,1
13272,1
13273,0
13274,1
13275,1
13276,1
13277,1
13278,1
13279,1
13280,1
13281,1
13282,1
13283,1
13284,0
13285,1
13286,1
13287,1
13288,1
13289,1
13290,1
13291,1
13292,1
13293,1
13294,1
13295,0
13296,1
13297,1
13298,1
13299,1
13300,1
13301,0
13302,1
13303,1
13304,1
13305,1
13306,1
13307,1
13308,1
13309,0
13310,1
13311,1
13312,1
13313,0
13314,1
13315,1
13316,1
13317,0
13318,1
13319,1
13320,1
13321,1
13322,1
13323,1
13324,1
13325,1
13326,1
13327,1
13328,1
13329,1
13330,1
13331,1
13332,1
13333,1
13334,1
13335,1
13336,1
13337,0
13338,1
13339,1
13340,1
13341,1
13342,1
13343,0
13344,1
13345,1
13346,1
13347,1
13348,0
13349,1
13350,0
13351,0
13352,1
13353,0
13354,0
13355,1
13356,1
13357,1
13358,1
13359,1
13360,1
13361,1
13362,1
13363,1
13364,0
13365,1
13366,1
13367,1
13368,1
13369,1
13370,1
13371,1
13372,1
13373,1
13374,1
13375,1
13376,1
13377,1
13378,1
13379,1
13380,1
13381,1
13382,1
13383,0
13384,0
13385,1
13386,1
13387,1
13388,0
13389,1
13390,1
13391,1
13392,1
13393,1
13394,1
13395,1
13396,1
13397,1
13398,1
13399,1
13400,1
13401,1
13402,1
13403,1
13404,1
13405,1
13406,1
13407,1
13408,1
13409,1
13410,1
13411,1
13412,1
13413,1
13414,1
13415,1
13416,1
13417,0
13418,1
13419,1
13420,1
13421,1
13422,1
13423,1
13424,1
13425,1
13426,1
13427,1
13428,1
13429,1
13430,1
13431,1
13432,1
13433,1
13434,1
13435,1
13436,1
13437,1
13438,1
13439,1
13440,1
13441,1
13442,1
13443,1
13444,1
13445,1
13446,1
13447,1
13448,1
13449,0
13450,1
13451,1
13452,0
13453,0
13454,0
13455,0
13456,0
13457,0
13458,0
13459,0
13460,0
13461,0
13462,0
13463,0
13464,0
13465,1
13466,0
13467,0
13468,0
13469,1
13470,0
13471,0
13472,0
13473,0
13474,0
13475,0
13476,0
13477,0
13478,0
13479,0
13480,0
13481,0
13482,0
13483,0
13484,0
13485,0
13486,0
13487,0
13488,0
13489,0
13490,0
13491,0
13492,0
13493,0
13494,0
13495,0
13496,0
13497,0
13498,0
13499,1
13500,0
13501,0
13502,0
13503,0
13504,0
13505,0
13506,0
13507,0
13508,0
13509,0
13510,0
13511,0
13512,0
13513,0
13514,0
13515,0
13516,0
13517,0
13518,0
13519,0
13520,1
13521,0
13522,0
13523,0
13524,0
13525,0
13526,0
13527,0
13528,0
13529,0
13530,0
13531,0
13532,1
13533,0
13534,0
13535,0
13536,0
13537,0
13538,0
13539,0
13540,0
13541,0
13542,0
13543,0
13544,0
13545,0
13546,0
13547,0
13548,0
13549,0
13550,0
13551,0
13552,0
13553,0
13554,0
13555,0
13556,0
13557,1
13558,0
13559,0
13560,1
13561,0
13562,0
13563,0
13564,0
13565,0
13566,1
13567,0
13568,1
13569,0
13570,0
13571,0
13572,0
13573,0
13574,0
13575,0
13576,0
13577,0
13578,1
13579,0
13580,0
13581,0
13582,0
13583,0
13584,0
13585,0
13586,0
13587,0
13588,0
13589,0
13590,0
13591,0
13592,0
13593,0
13594,0
13595,0
13596,0
13597,0
13598,0
13599,0
13600,0
13601,0
13602,1
13603,0
13604,0
13605,0
13606,0
13607,0
13608,0
13609,0
13610,0
13611,0
13612,0
13613,0
13614,0
13615,0
13616,0
13617,0
13618,0
13619,0
13620,0
13621,0
13622,1
13623,0
13624,0
13625,1
13626,1
13627,0
13628,0
13629,1
13630,0
13631,1
13632,0
13633,0
13634,1
13635,0
13636,0
13637,0
13638,0
13639,0
13640,0
13641,0
13642,1
13643,1
13644,1
13645,1
13646,0
13647,1
13648,0
13649,0
13650,0
13651,0
13652,0
13653,0
13654,0
13655,0
13656,1
13657,0
13658,0
13659,1
13660,0
13661,0
13662,0
13663,0
13664,0
13665,1
13666,0
13667,0
13668,0
13669,0
13670,0
13671,0
13672,0
13673,0
13674,0
13675,0
13676,0
13677,0
13678,0
13679,0
13680,0
13681,0
13682,0
13683,0
13684,0
13685,0
13686,0
13687,0
13688,0
13689,0
13690,1
13691,0
13692,0
13693,0
13694,0
13695,0
13696,0
13697,0
13698,0
13699,1
13700,0
13701,0
13702,0
13703,0
13704,0
13705,0
13706,0
13707,0
13708,0
13709,0
13710,0
13711,0
13712,0
13713,0
13714,0
13715,0
13716,0
13717,0
13718,0
13719,0
13720,0
13721,1
13722,0
13723,0
13724,0
13725,0
13726,0
13727,0
13728,0
13729,0
13730,0
13731,0
13732,0
13733,0
13734,0
13735,0
13736,0
13737,0
13738,0
13739,0
13740,0
13741,0
13742,0
13743,1
13744,0
13745,0
13746,0
13747,0
13748,0
13749,0
13750,0
13751,0
13752,0
13753,0
13754,0
13755,0
13756,0
13757,0
13758,0
13759,0
13760,0
13761,1
13762,0
13763,0
13764,0
13765,0
13766,0
13767,1
13768,0
13769,0
13770,0
13771,0
13772,0
13773,0
13774,0
13775,0
13776,0
13777,0
13778,0
13779,0
13780,0
13781,0
13782,0
13783,0
13784,0
13785,0
13786,0
13787,0
13788,0
13789,0
13790,0
13791,0
13792,0
13793,0
13794,0
13795,0
13796,0
13797,0
13798,0
13799,0
13800,0
13801,0
13802,0
13803,0
13804,0
13805,0
13806,0
13807,0
13808,0
13809,0
13810,0
13811,0
13812,1
13813,0
13814,0
13815,0
13816,0
13817,0
13818,0
13819,0
13820,0
13821,0
13822,0
13823,0
13824,0
13825,0
13826,0
13827,0
13828,0
13829,0
13830,0
13831,0
13832,0
13833,0
13834,0
13835,0
13836,0
13837,1
13838,1
13839,0
13840,0
13841,0
13842,1
13843,0
13844,0
13845,0
13846,0
13847,0
13848,0
13849,0
13850,1
13851,0
13852,0
13853,0
13854,0
13855,0
13856,0
13857,0
13858,0
13859,0
13860,0
13861,0
13862,0
13863,0
13864,0
13865,1
13866,0
13867,0
13868,0
13869,0
13870,0
13871,0
13872,0
13873,0
13874,0
13875,0
13876,0
13877,0
13878,0
13879,0
13880,0
13881,0
13882,0
13883,0
13884,0
13885,0
13886,0
13887,0
13888,0
13889,0
13890,0
13891,0
13892,0
13893,0
13894,0
13895,0
13896,0
13897,1
13898,0
13899,0
13900,0
13901,0
13902,0
13903,0
13904,0
13905,1
13906,0
13907,0
13908,0
13909,0
13910,0
13911,0
13912,0
13913,0
13914,0
13915,0
13916,0
13917,0
13918,0
13919,0
13920,0
13921,0
13922,0
13923,1
13924,0
13925,0
13926,0
13927,0
13928,0
13929,0
13930,0
13931,0
13932,0
13933,0
13934,0
13935,0
13936,0
13937,0
13938,0
13939,0
13940,0
13941,1
13942,0
13943,0
13944,0
13945,0
13946,0
13947,0
13948,0
13949,0
13950,0
13951,0
13952,1
13953,0
13954,0
13955,0
13956,1
13957,0
13958,1
13959,0
13960,0
13961,0
13962,0
13963,1
13964,0
13965,0
13966,0
13967,0
13968,0
13969,1
13970,0
13971,1
13972,0
13973,0
13974,0
13975,0
13976,0
13977,0
13978,0
13979,1
13980,1
13981,0
13982,0
13983,0
13984,0
13985,0
13986,0
13987,0
13988,0
13989,0
13990,0
13991,1
13992,0
13993,1
13994,0
13995,0
13996,1
13997,0
13998,0
13999,1
14000,1
14001,0
14002,0
14003,0
14004,0
14005,1
14006,1
14007,1
14008,0
14009,0
14010,0
14011,0
14012,0
14013,0
14014,0
14015,1
14016,0
14017,0
14018,0
14019,1
14020,0
14021,0
14022,0
14023,0
14024,1
14025,1
14026,0
14027,0
14028,0
14029,0
14030,0
14031,1
14032,1
14033,1
14034,0
14035,1
14036,1
14037,1
14038,1
14039,1
14040,1
14041,1
14042,0
14043,1
14044,1
14045,1
14046,1
14047,1
14048,0
14049,0
14050,1
14051,1
14052,1
14053,1
14054,0
14055,1
14056,1
14057,1
14058,1
14059,1
14060,1
14061,1
14062,1
14063,1
14064,1
14065,1
14066,0
14067,1
14068,0
14069,1
14070,1
14071,1
14072,1
14073,1
14074,1
14075,1
14076,1
14077,1
14078,1
14079,1
14080,0
14081,1
14082,0
14083,1
14084,1
14085,1
14086,1
14087,1
14088,0
14089,1
14090,1
14091,1
14092,1
14093,1
14094,1
14095,1
14096,1
14097,1
14098,1
14099,0
14100,1
14101,1
14102,1
14103,1
14104,1
14105,1
14106,1
14107,1
14108,1
14109,1
14110,0
14111,1
14112,1
14113,1
14114,1
14115,1
14116,1
14117,1
14118,1
14119,1
14120,1
14121,1
14122,1
14123,1
14124,1
14125,1
14126,1
14127,1
14128,1
14129,1
14130,0
14131,0
14132,0
14133,0
14134,0
14135,0
14136,0
14137,0
14138,0
14139,0
14140,0
14141,0
14142,0
14143,0
14144,0
14145,1
14146,0
14147,0
14148,0
14149,0
14150,0
14151,0
14152,0
14153,0
14154,1
14155,0
14156,0
14157,0
14158,0
14159,0
14160,0
14161,0
14162,0
14163,0
14164,0
14165,0
14166,0
14167,0
14168,0
14169,0
14170,0
14171,0
14172,0
14173,0
14174,0
14175,0
14176,1
14177,0
14178,0
14179,0
14180,0
14181,0
14182,0
14183,0
14184,0
14185,0
14186,0
14187,1
14188,0
14189,0
14190,0
14191,0
14192,0
14193,0
14194,0
14195,0
14196,0
14197,1
14198,0
14199,0
14200,0
14201,0
14202,0
14203,0
14204,0
14205,1
14206,0
14207,0
14208,0
14209,0
14210,0
14211,0
14212,1
14213,0
14214,0
14215,0
14216,0
14217,0
14218,0
14219,0
14220,1
14221,0
14222,0
14223,0
14224,0
14225,0
14226,1
14227,1
14228,1
14229,1
14230,1
14231,1
14232,1
14233,1
14234,1
14235,1
14236,1
14237,1
14238,1
14239,1
14240,1
14241,1
14242,1
14243,1
14244,1
14245,1
14246,1
14247,1
14248,1
14249,1
14250,0
14251,1
14252,1
14253,1
14254,1
14255,1
14256,1
14257,1
14258,1
14259,1
14260,1
14261,1
14262,1
14263,1
14264,1
14265,1
14266,1
14267,1
14268,1
14269,1
14270,1
14271,1
14272,1
14273,1
14274,1
14275,1
14276,1
14277,1
14278,1
14279,1
14280,1
14281,1
14282,1
14283,1
14284,1
14285,1
14286,1
14287,1
14288,1
14289,1
14290,0
14291,1
14292,1
14293,0
14294,1
14295,1
14296,1
14297,1
14298,1
14299,1
14300,1
14301,1
14302,0
14303,1
14304,1
14305,0
14306,0
14307,1
14308,1
14309,0
14310,0
14311,0
14312,1
14313,1
14314,1
14315,1
14316,1
14317,0
14318,1
14319,1
14320,1
14321,1
14322,0
14323,1
14324,1
14325,0
14326,0
14327,1
14328,0
14329,1
14330,1
14331,1
14332,0
14333,0
14334,0
14335,1
14336,0
14337,1
14338,1
14339,0
14340,1
14341,1
14342,0
14343,0
14344,1
14345,1
14346,1
14347,0
14348,0
14349,0
14350,1
14351,1
14352,1
14353,0
14354,1
14355,1
14356,1
14357,1
14358,0
14359,1
14360,1
14361,1
14362,0
14363,1
14364,0
14365,1
14366,1
14367,0
14368,1
14369,0
14370,1
14371,1
14372,0
14373,1
14374,1
14375,1
14376,0
14377,1
14378,1
14379,0
14380,0
14381,1
14382,0
14383,0
14384,1
14385,1
14386,1
14387,0
14388,1
14389,1
14390,1
14391,1
14392,0
14393,0
14394,1
14395,1
14396,1
14397,1
14398,1
14399,1
14400,1
14401,0
14402,1
14403,0
14404,0
14405,0
14406,1
14407,1
14408,1
14409,1
14410,1
14411,1
14412,1
14413,0
14414,1
14415,1
14416,1
14417,1
14418,1
14419,1
14420,1
14421,1
14422,1
14423,1
14424,1
14425,1
14426,1
14427,1
14428,1
14429,1
14430,1
14431,1
14432,1
14433,1
14434,1
14435,1
14436,1
14437,1
14438,1
14439,1
14440,1
14441,1
14442,1
14443,1
14444,1
14445,1
14446,1
14447,1
14448,1
14449,1
14450,1
14451,1
14452,1
14453,1
14454,1
14455,1
14456,1
14457,1
14458,1
14459,1
14460,1
14461,1
14462,1
14463,1
14464,1
14465,1
14466,1
14467,1
14468,1
14469,1
14470,1
14471,1
14472,1
14473,1
14474,1
14475,1
14476,1
14477,0
14478,0
14479,0
14480,0
14481,0
14482,0
14483,0
14484,0
14485,0
14486,0
14487,0
14488,1
14489,0
14490,0
14491,0
14492,0
14493,1
14494,0
14495,0
14496,0
14497,0
14498,0
14499,0
14500,0
14501,0
14502,0
14503,0
14504,0
14505,0
14506,1
14507,0
14508,0
14509,0
14510,0
14511,1
14512,0
14513,0
14514,0
14515,0
14516,0
14517,0
14518,0
14519,0
14520,0
14521,1
14522,0
14523,0
14524,0
14525,1
14526,0
14527,0
14528,0
14529,0
14530,0
14531,0
14532,0
14533,0
14534,0
14535,0
14536,0
14537,0
14538,0
14539,0
14540,0
14541,0
14542,0
14543,0
14544,0
14545,0
14546,0
14547,1
14548,0
14549,0
14550,0
14551,1
14552,0
14553,0
14554,0
14555,0
14556,0
14557,0
14558,0
14559,0
14560,0
14561,1
14562,0
14563,0
14564,0
14565,0
14566,0
14567,0
14568,0
14569,1
14570,0
14571,0
14572,1
14573,0
14574,0
14575,0
14576,0
14577,0
14578,0
14579,0
14580,0
14581,0
14582,0
14583,0
14584,0
14585,0
14586,0
14587,0
14588,0
14589,0
14590,0
14591,0
14592,0
14593,0
14594,0
14595,0
14596,0
14597,0
14598,1
14599,0
14600,0
14601,0
14602,0
14603,1
14604,0
14605,0
14606,0
14607,0
14608,0
14609,0
14610,0
14611,1
14612,0
14613,0
14614,0
14615,0
14616,1
14617,0
14618,0
14619,0
14620,0
14621,0
14622,0
14623,0
14624,0
14625,0
14626,0
14627,0
14628,0
14629,0
14630,0
14631,0
14632,0
14633,1
14634,0
14635,0
14636,0
14637,0
14638,1
14639,0
14640,0
14641,0
14642,0
14643,0
14644,0
14645,0
14646,0
14647,1
14648,0
14649,1
14650,0
14651,0
14652,0
14653,0
14654,0
14655,1
14656,0
14657,0
14658,0
14659,0
14660,1
14661,0
14662,0
14663,0
14664,0
14665,0
14666,0
14667,0
14668,0
14669,0
14670,0
14671,0
14672,0
14673,0
14674,0
14675,0
14676,0
14677,0
14678,1
14679,1
14680,0
14681,0
14682,0
14683,1
14684,0
14685,0
14686,0
14687,0
14688,0
14689,0
14690,0
14691,0
14692,0
14693,1
14694,1
14695,0
14696,0
14697,0
14698,0
14699,0
14700,1
14701,0
14702,0
14703,0
14704,1
14705,0
14706,0
14707,0
14708,0
14709,1
14710,0
14711,0
14712,0
14713,0
14714,0
14715,0
14716,1
14717,0
14718,1
14719,0
14720,0
14721,0
14722,0
14723,1
14724,0
14725,0
14726,0
14727,0
14728,0
14729,0
14730,0
14731,0
14732,0
14733,0
14734,0
14735,0
14736,0
14737,0
14738,0
14739,0
14740,1
14741,0
14742,0
14743,0
14744,0
14745,0
14746,0
14747,0
14748,0
14749,0
14750,0
14751,0
14752,0
14753,0
14754,0
14755,0
14756,0
14757,0
14758,0
14759,0
14760,0
14761,0
14762,0
14763,0
14764,0
14765,0
14766,0
14767,0
14768,0
14769,0
14770,0
14771,0
14772,0
14773,0
14774,0
14775,0
14776,0
14777,0
14778,0
14779,0
14780,0
14781,0
14782,0
14783,0
14784,0
14785,0
14786,0
14787,0
14788,0
14789,0
14790,0
14791,0
14792,0
14793,0
14794,0
14795,0
14796,0
14797,0
14798,0
14799,0
14800,0
14801,0
14802,0
14803,0
14804,0
14805,0
14806,0
14807,0
14808,0
14809,0
14810,0
14811,0
14812,0
14813,0
14814,0
14815,0
14816,0
14817,0
14818,0
14819,0
14820,0
14821,0
14822,0
14823,0
14824,0
14825,0
14826,0
14827,0
14828,0
14829,0
14830,0
14831,0
14832,0
14833,0
14834,0
14835,0
14836,0
14837,0
14838,0
14839,0
14840,0
14841,0
14842,0
14843,0
14844,0
14845,0
14846,0
14847,0
14848,0
14849,0
14850,0
14851,1
14852,1
14853,1
14854,1
14855,1
14856,0
14857,1
14858,1
14859,1
14860,1
14861,1
14862,1
14863,1
14864,0
14865,1
14866,1
14867,1
14868,1
14869,1
14870,1
14871,1
14872,1
14873,1
14874,1
14875,1
14876,1
14877,1
14878,1
14879,1
14880,1
14881,1
14882,1
14883,1
14884,1
14885,0
14886,1
14887,1
14888,1
14889,1
14890,1
14891,1
14892,1
14893,1
14894,1
14895,1
14896,1
14897,0
14898,1
14899,0
14900,0
14901,1
14902,1
14903,1
14904,1
14905,1
14906,1
14907,1
14908,1
14909,1
14910,1
14911,1
14912,1
14913,1
14914,1
14915,1
14916,1
14917,1
14918,0
14919,1
14920,1
14921,0
14922,1
14923,1
14924,0
14925,1
14926,1
14927,1
14928,0
14929,1
14930,1
14931,0
14932,1
14933,0
14934,1
14935,1
14936,1
14937,1
14938,0
14939,1
14940,1
14941,1
14942,1
14943,0
14944,1
14945,1
14946,1
14947,0
14948,1
14949,1
14950,1
14951,1
14952,1
14953,0
14954,0
14955,0
14956,0
14957,0
14958,0
14959,0
14960,0
14961,1
14962,1
14963,0
14964,1
14965,0
14966,1
14967,0
14968,0
14969,0
14970,1
14971,0
14972,1
14973,0
14974,0
14975,0
14976,0
14977,0
14978,0
14979,1
14980,1
14981,1
14982,1
14983,0
14984,0
14985,0
14986,1
14987,1
14988,0
14989,0
14990,0
14991,1
14992,0
14993,0
14994,0
14995,0
14996,1
14997,0
14998,0
14999,1
15000,0
15001,1
15002,0
15003,0
15004,0
15005,0
15006,0
15007,1
15008,1
15009,0
15010,0
15011,0
15012,1
15013,0
15014,0
15015,0
15016,1
15017,0
15018,0
15019,1
15020,1
15021,0
15022,0
15023,0
15024,1
15025,0
15026,0
15027,1
15028,0
15029,0
15030,0
15031,0
15032,1
15033,0
15034,1
15035,1
15036,0
15037,1
15038,0
15039,0
15040,0
15041,0
15042,1
15043,0
15044,0
15045,1
15046,1
15047,0
15048,0
15049,0
15050,0
15051,0
15052,0
15053,0
15054,0
15055,1
15056,0
15057,0
15058,1
15059,0
15060,0
15061,0
15062,0
15063,0
15064,0
15065,0
15066,0
15067,0
15068,1
15069,0
15070,0
15071,0
15072,0
15073,1
15074,0
15075,0
15076,0
15077,0
15078,0
15079,0
15080,0
15081,0
15082,0
15083,0
15084,0
15085,0
15086,0
15087,0
15088,0
15089,0
15090,0
15091,0
15092,0
15093,0
15094,0
15095,0
15096,0
15097,1
15098,0
15099,0
15100,0
15101,0
15102,0
15103,0
15104,0
15105,0
15106,0
15107,0
15108,0
15109,0
15110,0
15111,0
15112,0
15113,0
15114,1
15115,0
15116,0
15117,0
15118,1
15119,0
15120,1
15121,0
15122,1
15123,1
15124,0
15125,0
15126,0
15127,0
15128,0
15129,0
15130,0
15131,0
15132,0
15133,0
15134,0
15135,0
15136,0
15137,0
15138,0
15139,0
15140,0
15141,0
15142,0
15143,0
15144,0
15145,0
15146,0
15147,0
15148,0
15149,0
15150,1
15151,0
15152,0
15153,1
15154,1
15155,0
15156,0
15157,0
15158,1
15159,1
15160,0
15161,0
15162,1
15163,0
15164,0
15165,0
15166,0
15167,1
15168,1
15169,0
15170,0
15171,0
15172,0
15173,0
15174,0
15175,1
15176,0
15177,1
15178,0
15179,0
15180,0
15181,0
15182,0
15183,0
15184,1
15185,0
15186,0
15187,1
15188,0
15189,0
15190,1
15191,0
15192,0
15193,0
15194,1
15195,1
15196,0
15197,0
15198,0
15199,0
15200,0
15201,1
15202,0
15203,1
15204,0
15205,0
15206,0
15207,0
15208,0
15209,0
15210,1
15211,0
15212,1
15213,0
15214,0
15215,0
15216,0
15217,1
15218,1
15219,1
15220,1
15221,0
15222,0
15223,1
15224,0
15225,0
15226,0
15227,0
15228,0
15229,1
15230,0
15231,0
15232,0
15233,0
15234,1
15235,0
15236,0
15237,0
15238,0
15239,0
15240,0
15241,0
15242,0
15243,0
15244,0
15245,0
15246,0
15247,1
15248,1
15249,1
15250,0
15251,1
15252,1
15253,1
15254,1
15255,1
15256,1
15257,0
15258,1
15259,0
15260,1
15261,1
15262,1
15263,1
15264,0
15265,1
15266,1
15267,1
15268,1
15269,1
15270,1
15271,1
15272,0
15273,1
15274,1
15275,0
15276,1
15277,1
15278,0
15279,0
15280,1
15281,1
15282,1
15283,0
15284,1
15285,1
15286,1
15287,1
15288,1
15289,0
15290,1
15291,1
15292,1
15293,1
15294,1
15295,1
15296,1
15297,1
15298,1
15299,1
15300,1
15301,1
15302,1
15303,1
15304,1
15305,1
15306,0
15307,1
15308,1
15309,1
15310,1
15311,1
15312,1
15313,1
15314,1
15315,1
15316,0
15317,1
15318,0
15319,0
15320,1
15321,1
15322,1
15323,1
15324,1
15325,0
15326,0
15327,0
15328,0
15329,1
15330,1
15331,1
15332,0
15333,1
15334,1
15335,1
15336,0
15337,0
15338,1
15339,1
15340,1
15341,1
15342,1
15343,1
15344,1
15345,0
15346,1
15347,0
15348,0
15349,0
15350,0
15351,0
15352,0
15353,0
15354,0
15355,0
15356,0
15357,1
15358,0
15359,0
15360,0
15361,1
15362,0
15363,0
15364,1
15365,0
15366,0
15367,0
15368,1
15369,0
15370,0
15371,0
15372,1
15373,0
15374,0
15375,0
15376,0
15377,0
15378,0
15379,1
15380,1
15381,0
15382,1
15383,0
15384,0
15385,0
15386,1
15387,0
15388,1
15389,0
15390,0
15391,0
15392,0
15393,0
15394,0
15395,1
15396,0
15397,0
15398,0
15399,0
15400,0
15401,0
15402,1
15403,0
15404,0
15405,0
15406,0
15407,0
15408,1
15409,0
15410,0
15411,1
15412,0
15413,1
15414,0
15415,0
15416,0
15417,1
15418,1
15419,1
15420,1
15421,0
15422,0
15423,1
15424,0
15425,0
15426,0
15427,0
15428,1
15429,0
15430,1
15431,0
15432,0
15433,0
15434,1
15435,1
15436,0
15437,0
15438,0
15439,0
15440,0
15441,1
15442,0
15443,1
15444,0
15445,0
15446,1
15447,0
15448,0
15449,0
15450,0
15451,0
15452,0
15453,0
15454,0
15455,0
15456,0
15457,0
15458,0
15459,0
15460,1
15461,1
15462,0
15463,0
15464,0
15465,0
15466,0
15467,0
15468,0
15469,0
15470,0
15471,0
15472,0
15473,0
15474,0
15475,0
15476,0
15477,0
15478,0
15479,0
15480,0
15481,0
15482,0
15483,1
15484,0
15485,0
15486,0
15487,0
15488,0
15489,1
15490,0
15491,0
15492,0
15493,0
15494,0
15495,0
15496,1
15497,0
15498,0
15499,0
15500,0
15501,0
15502,0
15503,0
15504,0
15505,0
15506,0
15507,0
15508,0
15509,0
15510,0
15511,0
15512,0
15513,0
15514,0
15515,0
15516,0
15517,0
15518,0
15519,0
15520,0
15521,0
15522,0
15523,0
15524,0
15525,0
15526,1
15527,0
15528,0
15529,0
15530,0
15531,0
15532,0
15533,0
15534,0
15535,0
15536,0
15537,0
15538,0
15539,0
15540,0
15541,0
15542,0
15543,0
15544,0
15545,0
15546,1
15547,0
15548,1
15549,0
15550,0
15551,0
15552,0
15553,0
15554,0
15555,1
15556,1
15557,0
15558,1
15559,0
15560,1
15561,0
15562,0
15563,0
15564,1
15565,0
15566,0
15567,0
15568,0
15569,0
15570,0
15571,0
15572,0
15573,1
15574,0
15575,0
15576,0
15577,0
15578,0
15579,1
15580,0
15581,0
15582,0
15583,1
15584,0
15585,0
15586,1
15587,1
15588,0
15589,0
15590,1
15591,0
15592,0
15593,0
15594,0
15595,0
15596,0
15597,0
15598,0
15599,0
15600,0
15601,0
15602,0
15603,0
15604,0
15605,0
15606,0
15607,0
15608,0
15609,0
15610,0
15611,0
15612,0
15613,0
15614,0
15615,0
15616,0
15617,1
15618,0
15619,0
15620,0
15621,0
15622,1
15623,0
15624,1
15625,1
15626,1
15627,1
15628,1
15629,0
15630,1
15631,0
15632,0
15633,0
15634,1
15635,1
15636,1
15637,1
15638,0
15639,1
15640,1
15641,1
15642,1
15643,1
15644,1
15645,1
15646,0
15647,1
15648,1
15649,1
15650,1
15651,0
15652,0
15653,1
15654,0
15655,1
15656,0
15657,1
15658,1
15659,0
15660,1
15661,0
15662,0
15663,1
15664,1
15665,0
15666,0
15667,1
15668,0
15669,0
15670,1
15671,1
15672,0
15673,0
15674,0
15675,1
15676,1
15677,1
15678,0
15679,1
15680,1
15681,1
15682,1
15683,1
15684,1
15685,1
15686,0
15687,1
15688,1
15689,1
15690,1
15691,1
15692,0
15693,1
15694,1
15695,0
15696,1
15697,1
15698,0
15699,0
15700,0
15701,0
15702,0
15703,1
15704,1
15705,1
15706,1
15707,1
15708,1
15709,1
15710,0
15711,1
15712,1
15713,1
15714,1
15715,1
15716,1
15717,0
15718,0
15719,0
15720,0
15721,0
15722,0
15723,0
15724,0
15725,0
15726,0
15727,0
15728,0
15729,0
15730,0
15731,0
15732,0
15733,0
15734,0
15735,0
15736,0
15737,0
15738,0
15739,0
15740,0
15741,0
15742,0
15743,0
15744,1
15745,0
15746,0
15747,0
15748,0
15749,0
15750,0
15751,0
15752,0
15753,0
15754,0
15755,0
15756,0
15757,1
15758,0
15759,0
15760,0
15761,0
15762,0
15763,0
15764,0
15765,0
15766,0
15767,0
15768,0
15769,0
15770,0
15771,0
15772,0
15773,0
15774,0
15775,0
15776,0
15777,0
15778,0
15779,0
15780,0
15781,1
15782,0
15783,0
15784,0
15785,0
15786,0
15787,0
15788,0
15789,0
15790,0
15791,0
15792,0
15793,0
15794,0
15795,0
15796,0
15797,0
15798,0
15799,0
15800,1
15801,0
15802,0
15803,0
15804,0
15805,0
15806,0
15807,0
15808,0
15809,0
15810,0
15811,0
15812,0
15813,0
15814,0
15815,0
15816,0
15817,1
15818,0
15819,0
15820,0
15821,0
15822,0
15823,0
15824,0
15825,0
15826,1
15827,1
15828,0
15829,0
15830,0
15831,0
15832,0
15833,0
15834,0
15835,0
15836,0
15837,0
15838,0
15839,0
15840,0
15841,0
15842,0
15843,0
15844,0
15845,0
15846,0
15847,0
15848,0
15849,0
15850,0
15851,0
15852,0
15853,0
15854,0
15855,0
15856,0
15857,0
15858,0
15859,0
15860,0
15861,0
15862,0
15863,0
15864,0
15865,0
15866,0
15867,1
15868,0
15869,0
15870,0
15871,0
15872,0
15873,0
15874,0
15875,0
15876,0
15877,0
15878,0
15879,0
15880,0
15881,0
15882,1
15883,1
15884,0
15885,0
15886,0
15887,0
15888,0
15889,1
15890,0
15891,0
15892,0
15893,0
15894,1
15895,0
15896,0
15897,0
15898,0
15899,0
15900,0
15901,0
15902,0
15903,0
15904,0
15905,0
15906,0
15907,0
15908,1
15909,0
15910,0
15911,0
15912,0
15913,0
15914,0
15915,0
15916,0
15917,1
15918,0
15919,0
15920,0
15921,0
15922,0
15923,0
15924,1
15925,0
15926,0
15927,0
15928,0
15929,0
15930,0
15931,0
15932,0
15933,0
15934,0
15935,0
15936,0
15937,0
15938,0
15939,0
15940,0
15941,0
15942,0
15943,1
15944,0
15945,0
15946,1
15947,0
15948,0
15949,0
15950,0
15951,0
15952,0
15953,1
15954,0
15955,0
15956,0
15957,0
15958,0
15959,0
15960,0
15961,0
15962,0
15963,1
15964,0
15965,0
15966,0
15967,1
15968,0
15969,0
15970,0
15971,0
15972,0
15973,0
15974,0
15975,1
15976,0
15977,0
15978,0
15979,0
15980,0
15981,0
15982,0
15983,0
15984,0
15985,0
15986,0
15987,0
15988,0
15989,1
15990,0
15991,0
15992,0
15993,0
15994,0
15995,0
15996,0
15997,0
15998,0
15999,0
16000,0
16001,0
16002,0
16003,1
16004,0
16005,1
16006,1
16007,1
16008,1
16009,1
16010,1
16011,0
16012,1
16013,1
16014,1
16015,0
16016,1
16017,0
16018,1
16019,0
16020,1
16021,0
16022,0
16023,0
16024,1
16025,0
16026,1
16027,0
16028,0
16029,0
16030,0
16031,0
16032,1
16033,0
16034,0
16035,0
16036,1
16037,0
16038,0
16039,1
16040,0
16041,0
16042,0
16043,1
16044,0
16045,1
16046,1
16047,1
16048,0
16049,1
16050,0
16051,0
16052,0
16053,1
16054,1
16055,1
16056,0
16057,1
16058,0
16059,1
16060,0
16061,1
16062,1
16063,1
16064,1
16065,1
16066,0
16067,1
16068,1
16069,0
16070,0
16071,1
16072,1
16073,0
16074,0
16075,1
16076,1
16077,0
16078,0
16079,1
16080,1
16081,0
16082,0
16083,1
16084,0
16085,1
16086,0
16087,1
16088,0
16089,1
16090,1
16091,1
16092,1
16093,0
16094,1
16095,0
16096,1
16097,1
16098,0
16099,1
16100,0
16101,0
16102,1
16103,0
16104,1
16105,1
16106,1
16107,1
16108,1
16109,0
16110,1
16111,0
16112,1
16113,1
16114,1
16115,1
16116,0
16117,1
16118,1
16119,1
16120,0
16121,1
16122,1
16123,1
16124,1
16125,1
16126,1
16127,0
16128,0
16129,1
16130,0
16131,1
16132,1
16133,1
16134,1
16135,0
16136,1
16137,1
16138,1
16139,1
16140,1
16141,0
16142,1
16143,1
16144,1
16145,0
16146,1
16147,0
16148,1
16149,1
16150,1
16151,1
16152,1
16153,1
16154,1
16155,0
16156,1
16157,1
16158,1
16159,0
16160,0
16161,1
16162,1
16163,1
16164,1
16165,1
16166,1
16167,1
16168,1
16169,0
16170,0
16171,1
16172,1
16173,1
16174,1
16175,1
16176,0
16177,1
16178,0
16179,1
16180,1
16181,0
16182,1
16183,0
16184,0
16185,1
16186,1
16187,1
16188,1
16189,1
16190,1
16191,1
16192,0
16193,1
16194,1
16195,1
16196,0
16197,1
16198,1
16199,1
16200,1
16201,1
16202,1
16203,0
16204,1
16205,0
16206,0
16207,1
16208,0
16209,0
16210,0
16211,0
16212,0
16213,1
16214,0
16215,0
16216,0
16217,0
16218,0
16219,0
16220,0
16221,0
16222,0
16223,0
16224,0
16225,0
16226,0
16227,0
16228,0
16229,0
16230,0
16231,0
16232,0
16233,0
16234,0
16235,0
16236,0
16237,0
16238,0
16239,0
16240,0
16241,0
16242,0
16243,0
16244,0
16245,0
16246,0
16247,0
16248,0
16249,0
16250,0
16251,0
16252,0
16253,0
16254,0
16255,0
16256,0
16257,0
16258,0
16259,0
16260,0
16261,0
16262,0
16263,0
16264,0
16265,0
16266,0
16267,0
16268,0
16269,0
16270,0
16271,0
16272,0
16273,0
16274,0
16275,0
16276,0
16277,0
16278,0
16279,0
16280,0
16281,1
16282,0
16283,0
16284,0
16285,0
16286,0
16287,0
16288,0
16289,0
16290,1
16291,1
16292,1
16293,1
16294,1
16295,1
16296,1
16297,1
16298,1
16299,1
16300,1
16301,1
16302,1
16303,1
16304,1
16305,1
16306,1
16307,1
16308,1
16309,1
16310,1
16311,1
16312,1
16313,1
16314,1
16315,1
16316,0
16317,1
16318,1
16319,1
16320,1
16321,1
16322,1
16323,1
16324,1
16325,1
16326,1
16327,1
16328,1
16329,1
16330,1
16331,0
16332,1
16333,1
16334,1
16335,1
16336,1
16337,1
16338,1
16339,1
16340,1
16341,1
16342,0
16343,1
16344,0
16345,1
16346,1
16347,1
16348,1
16349,1
16350,1
16351,1
16352,1
16353,1
16354,1
16355,1
16356,1
16357,1
16358,1
16359,1
16360,1
16361,1
16362,1
16363,1
16364,1
16365,1
16366,1
16367,1
16368,1
16369,0
16370,1
16371,1
16372,1
16373,1
16374,1
16375,1
16376,1
16377,1
16378,1
16379,1
16380,1
16381,1
16382,1
16383,1
16384,1
16385,0
16386,1
16387,1
16388,1
16389,1
16390,1
16391,1
16392,1
16393,1
16394,1
16395,1
16396,1
16397,1
16398,1
16399,1
16400,1
16401,1
16402,1
16403,1
16404,1
16405,1
16406,1
16407,1
16408,1
16409,1
16410,1
16411,1
16412,1
16413,0
16414,1
16415,1
16416,1
16417,1
16418,1
16419,1
16420,1
16421,1
16422,1
16423,1
16424,1
16425,1
16426,1
16427,1
16428,1
16429,1
16430,1
16431,1
16432,1
16433,1
16434,1
16435,1
16436,1
16437,1
16438,1
16439,1
16440,1
16441,1
16442,1
16443,1
16444,1
16445,1
16446,1
16447,0
16448,1
16449,1
16450,1
16451,1
16452,1
16453,1
16454,1
16455,1
16456,1
16457,1
16458,1
16459,1
16460,1
16461,1
16462,1
16463,1
16464,1
16465,1
16466,1
16467,1
16468,1
16469,0
16470,1
16471,0
16472,1
16473,1
16474,1
16475,1
16476,0
16477,0
16478,0
16479,0
16480,0
16481,1
16482,0
16483,0
16484,1
16485,1
16486,0
16487,1
16488,0
16489,0
16490,0
16491,0
16492,0
16493,0
16494,0
16495,0
16496,0
16497,0
16498,0
16499,0
16500,0
16501,0
16502,0
16503,0
16504,0
16505,0
16506,0
16507,0
16508,0
16509,0
16510,0
16511,1
16512,0
16513,0
16514,0
16515,0
16516,0
16517,0
16518,0
16519,0
16520,0
16521,1
16522,0
16523,0
16524,0
16525,0
16526,0
16527,0
16528,0
16529,1
16530,1
16531,0
16532,1
16533,0
16534,0
16535,0
16536,1
16537,0
16538,0
16539,0
16540,0
16541,0
16542,0
16543,1
16544,1
16545,0
16546,0
16547,1
16548,0
16549,0
16550,0
16551,0
16552,0
16553,0
16554,0
16555,0
16556,0
16557,0
16558,0
16559,0
16560,0
16561,0
16562,1
16563,0
16564,1
16565,1
16566,0
16567,0
16568,0
16569,0
16570,1
16571,0
16572,0
16573,0
16574,0
16575,0
16576,0
16577,0
16578,0
16579,0
16580,1
16581,0
16582,0
16583,0
16584,0
16585,0
16586,1
16587,0
16588,1
16589,0
16590,0
16591,1
16592,0
16593,0
16594,1
16595,1
16596,0
16597,0
16598,0
16599,0
16600,0
16601,0
16602,0
16603,0
16604,0
16605,0
16606,0
16607,0
16608,0
16609,0
16610,0
16611,0
16612,0
16613,0
16614,0
16615,0
16616,0
16617,0
16618,0
16619,0
16620,0
16621,0
16622,0
16623,0
16624,0
16625,0
16626,1
16627,1
16628,0
16629,0
16630,0
16631,0
16632,0
16633,0
16634,0
16635,0
16636,0
16637,0
16638,1
16639,0
16640,0
16641,0
16642,0
16643,0
16644,0
16645,0
16646,0
16647,0
16648,0
16649,0
16650,0
16651,0
16652,0
16653,0
16654,0
16655,0
16656,0
16657,0
16658,0
16659,0
16660,0
16661,0
16662,0
16663,0
16664,0
16665,0
16666,1
16667,0
16668,0
16669,0
16670,0
16671,0
16672,0
16673,0
16674,0
16675,0
16676,0
16677,0
16678,0
16679,1
16680,1
16681,0
16682,0
16683,0
16684,0
16685,0
16686,0
16687,0
16688,0
16689,0
16690,0
16691,0
16692,0
16693,0
16694,0
16695,0
16696,0
16697,0
16698,0
16699,0
16700,0
16701,0
16702,0
16703,0
16704,1
16705,0
16706,0
16707,0
16708,0
16709,0
16710,0
16711,0
16712,0
16713,0
16714,0
16715,0
16716,0
16717,0
16718,0
16719,0
16720,0
16721,0
16722,0
16723,0
16724,0
16725,0
16726,0
16727,0
16728,0
16729,1
16730,0
16731,0
16732,0
16733,0
16734,0
16735,0
16736,0
16737,0
16738,0
16739,0
16740,0
16741,0
16742,0
16743,0
16744,0
16745,0
16746,0
16747,0
16748,0
16749,0
16750,0
16751,0
16752,0
16753,0
16754,0
16755,0
16756,0
16757,0
16758,0
16759,0
16760,0
16761,0
16762,0
16763,0
16764,0
16765,0
16766,0
16767,0
16768,0
16769,0
16770,0
16771,0
16772,0
16773,0
16774,0
16775,0
16776,0
16777,0
16778,1
16779,1
16780,1
16781,1
16782,1
16783,1
16784,1
16785,1
16786,1
16787,1
16788,1
16789,1
16790,1
16791,1
16792,1
16793,1
16794,0
16795,1
16796,1
16797,1
16798,1
16799,1
16800,1
16801,1
16802,0
16803,1
16804,1
16805,1
16806,1
16807,0
16808,1
16809,1
16810,1
16811,1
16812,1
16813,0
16814,1
16815,1
16816,0
16817,1
16818,1
16819,1
16820,1
16821,1
16822,1
16823,1
16824,1
16825,1
16826,1
16827,1
16828,1
16829,0
16830,0
16831,0
16832,0
16833,0
16834,1
16835,1
16836,0
16837,0
16838,0
16839,0
16840,0
16841,0
16842,0
16843,0
16844,0
16845,1
16846,0
16847,1
16848,0
16849,0
16850,0
16851,0
16852,0
16853,0
16854,0
16855,0
16856,0
16857,0
16858,0
16859,0
16860,0
16861,0
16862,1
16863,1
16864,1
16865,0
16866,0
16867,0
16868,0
16869,0
16870,1
16871,0
16872,0
16873,1
16874,0
16875,0
16876,0
16877,0
16878,0
16879,0
16880,0
16881,0
16882,0
16883,0
16884,0
16885,0
16886,0
16887,0
16888,0
16889,0
16890,1
16891,0
16892,0
16893,0
16894,0
16895,0
16896,0
16897,0
16898,0
16899,0
16900,0
16901,0
16902,1
16903,0
16904,0
16905,0
16906,0
16907,0
16908,0
16909,0
16910,0
16911,0
16912,0
16913,1
16914,0
16915,0
16916,0
16917,0
16918,0
16919,0
16920,0
16921,0
16922,0
16923,0
16924,0
16925,0
16926,0
16927,1
16928,1
16929,0
16930,1
16931,1
16932,1
16933,1
16934,1
16935,1
16936,1
16937,1
16938,1
16939,1
16940,1
16941,1
16942,1
16943,1
16944,1
16945,1
16946,1
16947,1
16948,1
16949,1
16950,1
16951,1
16952,1
16953,1
16954,1
16955,1
16956,1
16957,1
16958,1
16959,1
16960,1
16961,1
16962,1
16963,1
16964,1
16965,1
16966,1
16967,1
16968,1
16969,0
16970,0
16971,1
16972,1
16973,1
16974,1
16975,1
16976,1
16977,1
16978,1
16979,1
16980,1
16981,1
16982,1
16983,1
16984,1
16985,1
16986,1
16987,1
16988,1
16989,1
16990,1
16991,1
16992,1
16993,1
16994,1
16995,1
16996,1
16997,1
16998,1
16999,1
17000,1
17001,1
17002,1
17003,1
17004,1
17005,1
17006,1
17007,1
17008,1
17009,1
17010,1
17011,1
17012,0
17013,1
17014,1
17015,1
17016,1
17017,1
17018,1
17019,1
17020,1
17021,1
17022,1
17023,1
17024,1
17025,1
17026,1
17027,0
17028,0
17029,0
17030,1
17031,0
17032,0
17033,0
17034,0
17035,1
17036,1
17037,0
17038,1
17039,1
17040,0
17041,1
17042,1
17043,1
17044,1
17045,1
17046,0
17047,0
17048,0
17049,0
17050,1
17051,1
17052,0
17053,0
17054,0
17055,1
17056,0
17057,0
17058,0
17059,0
17060,1
17061,1
17062,0
17063,0
17064,1
17065,0
17066,1
17067,0
17068,1
17069,0
17070,0
17071,1
17072,1
17073,0
17074,1
17075,0
17076,0
17077,1
17078,0
17079,0
17080,1
17081,0
17082,0
17083,1
17084,0
17085,1
17086,1
17087,0
17088,1
17089,0
17090,1
17091,1
17092,0
17093,0
17094,1
17095,1
17096,1
17097,0
17098,0
17099,0
17100,0
17101,1
17102,1
17103,0
17104,1
17105,0
17106,1
17107,0
17108,1
17109,0
17110,0
17111,0
17112,0
17113,1
17114,0
17115,1
17116,0
17117,0
17118,1
17119,1
17120,1
17121,0
17122,1
17123,0
17124,0
17125,0
17126,1
17127,1
17128,0
17129,0
17130,1
17131,0
17132,0
17133,1
17134,0
17135,0
17136,0
17137,0
17138,0
17139,0
17140,0
17141,0
17142,1
17143,1
17144,0
17145,1
17146,1
17147,0
17148,0
17149,1
17150,0
17151,0
17152,0
17153,0
17154,0
17155,0
17156,0
17157,0
17158,0
17159,0
17160,0
17161,0
17162,0
17163,0
17164,1
17165,0
17166,0
17167,0
17168,0
17169,1
17170,0
17171,0
17172,1
17173,0
17174,0
17175,0
17176,1
17177,0
17178,0
17179,0
17180,0
17181,0
17182,1
17183,0
17184,0
17185,0
17186,0
17187,0
17188,0
17189,1
17190,0
17191,0
17192,0
17193,0
17194,1
17195,1
17196,0
17197,0
17198,0
17199,0
17200,0
17201,0
17202,0
17203,0
17204,0
17205,0
17206,0
17207,0
17208,1
17209,1
17210,1
17211,0
17212,0
17213,0
17214,0
17215,0
17216,0
17217,0
17218,0
17219,0
17220,0
17221,0
17222,0
17223,1
17224,0
17225,0
17226,0
17227,0
17228,0
17229,0
17230,1
17231,0
17232,0
17233,0
17234,1
17235,0
17236,0
17237,0
17238,0
17239,0
17240,1
17241,0
17242,0
17243,0
17244,0
17245,0
17246,0
17247,0
17248,0
17249,0
17250,1
17251,0
17252,0
17253,0
17254,0
17255,0
17256,0
17257,0
17258,0
17259,0
17260,0
17261,0
17262,0
17263,0
17264,0
17265,0
17266,0
17267,0
17268,0
17269,0
17270,0
17271,0
17272,1
17273,1
17274,0
17275,0
17276,1
17277,0
17278,0
17279,0
17280,0
17281,0
17282,0
17283,0
17284,0
17285,0
17286,0
17287,1
17288,0
17289,0
17290,0
17291,0
17292,0
17293,0
17294,1
17295,0
17296,0
17297,0
17298,0
17299,0
17300,0
17301,0
17302,0
17303,0
17304,0
17305,0
17306,0
17307,0
17308,0
17309,0
17310,0
17311,0
17312,0
17313,0
17314,0
17315,0
17316,0
17317,0
17318,0
17319,0
17320,0
17321,0
17322,0
17323,0
17324,0
17325,0
17326,0
17327,0
17328,0
17329,0
17330,0
17331,0
17332,0
17333,0
17334,0
17335,1
17336,1
17337,1
17338,1
17339,1
17340,1
17341,1
17342,1
17343,1
17344,1
17345,1
17346,1
17347,1
17348,1
17349,1
17350,1
17351,1
17352,1
17353,1
17354,1
17355,1
17356,1
17357,1
17358,1
17359,1
17360,1
17361,1
17362,1
17363,1
17364,1
17365,1
17366,1
17367,1
17368,1
17369,1
17370,1
17371,1
17372,1
17373,1
17374,1
17375,1
17376,1
17377,1
17378,1
17379,1
17380,1
17381,1
17382,1
17383,1
17384,1
17385,1
17386,1
17387,1
17388,1
17389,1
17390,1
17391,1
17392,1
17393,1
17394,1
17395,1
17396,1
17397,1
17398,1
17399,1
17400,1
17401,1
17402,1
17403,1
17404,1
17405,1
17406,0
17407,0
17408,0
17409,1
17410,0
17411,0
17412,0
17413,0
17414,0
17415,0
17416,0
17417,0
17418,0
17419,0
17420,0
17421,0
17422,0
17423,0
17424,0
17425,0
17426,0
17427,1
17428,0
17429,0
17430,0
17431,0
17432,0
17433,1
17434,0
17435,0
17436,0
17437,0
17438,0
17439,1
17440,0
17441,1
17442,0
17443,0
17444,0
17445,0
17446,0
17447,0
17448,1
17449,0
17450,0
17451,0
17452,0
17453,0
17454,0
17455,0
17456,0
17457,0
17458,0
17459,0
17460,0
17461,1
17462,0
17463,0
17464,0
17465,0
17466,0
17467,0
17468,0
17469,0
17470,0
17471,1
17472,0
17473,0
17474,1
17475,0
17476,0
17477,0
17478,0
17479,0
17480,0
17481,0
17482,0
17483,0
17484,0
17485,0
17486,0
17487,0
17488,0
17489,1
17490,1
17491,0
17492,0
17493,0
17494,0
17495,0
17496,0
17497,0
17498,0
17499,0
17500,0
17501,0
17502,0
17503,0
17504,0
17505,0
17506,0
17507,0
17508,0
17509,0
17510,0
17511,0
17512,0
17513,0
17514,0
17515,0
17516,1
17517,0
17518,0
17519,1
17520,0
17521,0
17522,0
17523,0
17524,0
17525,1
17526,0
17527,0
17528,0
17529,0
17530,0
17531,1
17532,0
17533,0
17534,1
17535,0
17536,0
17537,0
17538,0
17539,1
17540,0
17541,0
17542,0
17543,0
17544,0
17545,0
17546,0
17547,0
17548,0
17549,0
17550,0
17551,0
17552,0
17553,1
17554,0
17555,0
17556,1
17557,0
17558,0
17559,0
17560,0
17561,0
17562,1
17563,0
17564,0
17565,0
17566,0
17567,0
17568,0
17569,0
17570,0
17571,0
17572,0
17573,0
17574,0
17575,0
17576,0
17577,1
17578,0
17579,0
17580,0
17581,0
17582,0
17583,0
17584,0
17585,0
17586,1
17587,0
17588,0
17589,0
17590,0
17591,0
17592,0
17593,0
17594,0
17595,0
17596,0
17597,0
17598,0
17599,0
17600,0
17601,1
17602,0
17603,0
17604,0
17605,0
17606,0
17607,0
17608,0
17609,0
17610,0
17611,0
17612,0
17613,0
17614,1
17615,0
17616,0
17617,0
17618,0
17619,0
17620,0
17621,0
17622,0
17623,0
17624,0
17625,0
17626,0
17627,0
17628,0
17629,0
17630,0
17631,0
17632,0
17633,0
17634,0
17635,0
17636,0
17637,0
17638,0
17639,0
17640,0
17641,0
17642,0
17643,0
17644,0
17645,0
17646,0
17647,0
17648,0
17649,0
17650,0
17651,0
17652,0
17653,0
17654,0
17655,0
17656,0
17657,0
17658,0
17659,1
17660,0
17661,0
17662,0
17663,0
17664,0
17665,0
17666,0
17667,0
17668,0
17669,0
17670,0
17671,0
17672,0
17673,0
17674,0
17675,0
17676,0
17677,0
17678,1
17679,0
17680,0
17681,0
17682,0
17683,1
17684,0
17685,0
17686,0
17687,0
17688,0
17689,0
17690,0
17691,0
17692,0
17693,0
17694,0
17695,0
17696,1
17697,1
17698,1
17699,1
17700,1
17701,1
17702,1
17703,1
17704,1
17705,1
17706,1
17707,1
17708,1
17709,1
17710,1
17711,1
17712,1
17713,0
17714,1
17715,1
17716,1
17717,1
17718,0
17719,0
17720,1
17721,1
17722,1
17723,1
17724,1
17725,1
17726,1
17727,1
17728,1
17729,1
17730,1
17731,1
17732,1
17733,1
17734,1
17735,1
17736,1
17737,1
17738,1
17739,1
17740,1
17741,1
17742,1
17743,1
17744,1
17745,1
17746,1
17747,1
17748,1
17749,1
17750,1
17751,1
17752,1
17753,1
17754,1
17755,1
17756,1
17757,1
17758,1
17759,1
17760,1
17761,1
17762,1
17763,1
17764,1
17765,0
17766,1
17767,1
17768,1
17769,1
17770,1
17771,1
17772,1
17773,1
17774,1
17775,1
17776,1
17777,1
17778,1
17779,1
17780,0
17781,1
17782,1
17783,1
17784,1
17785,1
17786,1
17787,1
17788,1
17789,1
17790,1
17791,1
17792,0
17793,1
17794,0
17795,0
17796,0
17797,1
17798,1
17799,0
17800,0
17801,0
17802,0
17803,0
17804,0
17805,0
17806,1
17807,1
17808,0
17809,1
17810,0
17811,0
17812,1
17813,0
17814,0
17815,0
17816,1
17817,0
17818,1
17819,0
17820,0
17821,0
17822,0
17823,1
17824,0
17825,0
17826,0
17827,0
17828,0
17829,1
17830,0
17831,0
17832,0
17833,0
17834,0
17835,1
17836,0
17837,0
17838,0
17839,0
17840,1
17841,1
17842,1
17843,0
17844,0
17845,1
17846,0
17847,1
17848,0
17849,0
17850,0
17851,0
17852,1
17853,0
17854,0
17855,0
17856,1
17857,0
17858,0
17859,0
17860,0
17861,0
17862,0
17863,0
17864,0
17865,0
17866,0
17867,0
17868,0
17869,0
17870,0
17871,0
17872,0
17873,0
17874,0
17875,1
17876,0
17877,1
17878,0
17879,0
17880,1
17881,0
17882,0
17883,0
17884,1
17885,0
17886,1
17887,0
17888,0
17889,0
17890,0
17891,1
17892,0
17893,0
17894,0
17895,0
17896,1
17897,0
17898,0
17899,0
17900,0
17901,0
17902,0
17903,0
17904,0
17905,0
17906,0
17907,0
17908,0
17909,0
17910,1
17911,0
17912,0
17913,1
17914,0
17915,0
17916,0
17917,0
17918,0
17919,1
17920,0
17921,0
17922,0
17923,0
17924,0
17925,1
17926,0
17927,0
17928,0
17929,0
17930,1
17931,0
17932,0
17933,0
17934,0
17935,0
17936,0
17937,0
17938,0
17939,0
17940,0
17941,0
17942,0
17943,0
17944,0
17945,0
17946,0
17947,0
17948,0
17949,0
17950,0
17951,0
17952,0
17953,0
17954,0
17955,0
17956,1
17957,1
17958,0
17959,0
17960,0
17961,0
17962,0
17963,0
17964,0
17965,0
17966,0
17967,0
17968,0
17969,0
17970,0
17971,0
17972,0
17973,0
17974,0
17975,0
17976,0
17977,1
17978,0
17979,1
17980,0
17981,0
17982,1
17983,0
17984,0
17985,1
17986,0
17987,0
17988,0
17989,1
17990,1
17991,1
17992,1
17993,0
17994,1
17995,0
17996,1
17997,1
17998,0
17999,0
18000,0
18001,1
18002,0
18003,1
18004,1
18005,1
18006,1
18007,1
18008,1
18009,1
18010,0
18011,1
18012,1
18013,1
18014,1
18015,0
18016,0
18017,1
18018,0
18019,1
18020,0
18021,1
18022,0
18023,1
18024,0
18025,0
18026,1
18027,1
18028,1
18029,0
18030,0
18031,1
18032,1
18033,0
18034,1
18035,1
18036,1
18037,1
18038,1
18039,1
18040,1
18041,1
18042,0
18043,0
18044,1
18045,1
18046,1
18047,1
18048,1
18049,1
18050,0
18051,1
18052,1
18053,0
18054,0
18055,0
18056,1
18057,1
18058,1
18059,0
18060,1
18061,1
18062,0
18063,0
18064,1
18065,0
18066,1
18067,0
18068,0
18069,0
18070,1
18071,1
18072,1
18073,0
18074,0
18075,1
18076,1
18077,0
18078,0
18079,1
18080,0
18081,1
18082,1
18083,0
18084,0
18085,0
18086,1
18087,1
18088,1
18089,0
18090,0
18091,1
18092,1
18093,0
18094,0
18095,1
18096,1
18097,1
18098,1
18099,0
18100,1
18101,1
18102,0
18103,1
18104,1
18105,1
18106,1
18107,1
18108,1
18109,1
18110,1
18111,1
18112,1
18113,1
18114,1
18115,1
18116,1
18117,1
18118,1
18119,1
18120,1
18121,1
18122,1
18123,1
18124,1
18125,1
18126,1
18127,0
18128,1
18129,1
18130,1
18131,1
18132,1
18133,0
18134,1
18135,1
18136,1
18137,1
18138,1
18139,1
18140,1
18141,1
18142,0
18143,1
18144,1
18145,1
18146,1
18147,1
18148,1
18149,1
18150,1
18151,1
18152,1
18153,0
18154,1
18155,1
18156,0
18157,1
18158,1
18159,1
18160,1
18161,1
18162,1
18163,1
18164,1
18165,1
18166,1
18167,1
18168,1
18169,1
18170,1
18171,0
18172,1
18173,1
18174,1
18175,1
18176,1
18177,0
18178,1
18179,1
18180,1
18181,1
18182,1
18183,1
18184,1
18185,1
18186,1
18187,1
18188,1
18189,1
18190,0
18191,1
18192,1
18193,1
18194,1
18195,1
18196,0
18197,0
18198,0
18199,0
18200,0
18201,0
18202,0
18203,0
18204,0
18205,0
18206,0
18207,0
18208,1
18209,1
18210,0
18211,0
18212,0
18213,0
18214,0
18215,0
18216,0
18217,0
18218,0
18219,0
18220,0
18221,0
18222,0
18223,0
18224,0
18225,0
18226,0
18227,0
18228,0
18229,0
18230,0
18231,1
18232,0
18233,0
18234,0
18235,0
18236,0
18237,0
18238,0
18239,0
18240,0
18241,0
18242,0
18243,0
18244,0
18245,0
18246,0
18247,0
18248,0
18249,0
18250,0
18251,0
18252,0
18253,0
18254,0
18255,0
18256,1
18257,0
18258,0
18259,0
18260,0
18261,0
18262,1
18263,0
18264,0
18265,0
18266,0
18267,0
18268,0
18269,0
18270,0
18271,0
18272,0
18273,0
18274,0
18275,0
18276,0
18277,0
18278,0
18279,0
18280,0
18281,0
18282,0
18283,0
18284,0
18285,0
18286,0
18287,1
18288,1
18289,1
18290,1
18291,1
18292,1
18293,1
18294,1
18295,1
18296,1
18297,1
18298,0
18299,1
18300,1
18301,1
18302,1
18303,1
18304,1
18305,1
18306,1
18307,1
18308,1
18309,1
18310,1
18311,0
18312,1
18313,1
18314,1
18315,0
18316,1
18317,1
18318,1
18319,1
18320,1
18321,1
18322,1
18323,1
18324,1
18325,0
18326,1
18327,0
18328,1
18329,1
18330,1
18331,1
18332,1
18333,1
18334,1
18335,1
18336,1
18337,1
18338,1
18339,1
18340,1
18341,1
18342,0
18343,1
18344,1
18345,1
18346,1
18347,1
18348,1
18349,1
18350,1
18351,1
18352,1
18353,1
18354,1
18355,1
18356,1
18357,0
18358,1
18359,1
18360,1
18361,1
18362,1
18363,1
18364,1
18365,1
18366,1
18367,1
18368,1
18369,1
18370,0
18371,0
18372,1
18373,1
18374,1
18375,1
18376,1
18377,1
18378,1
18379,1
18380,1
18381,1
18382,1
18383,1
18384,1
18385,0
18386,0
18387,0
18388,0
18389,0
18390,0
18391,0
18392,0
18393,0
18394,0
18395,0
18396,0
18397,0
18398,0
18399,0
18400,0
18401,0
18402,0
18403,0
18404,0
18405,0
18406,0
18407,0
18408,0
18409,0
18410,1
18411,0
18412,0
18413,0
18414,0
18415,0
18416,0
18417,0
18418,0
18419,0
18420,0
18421,0
18422,0
18423,0
18424,0
18425,0
18426,0
18427,0
18428,0
18429,0
18430,0
18431,0
18432,1
18433,0
18434,0
18435,0
18436,0
18437,0
18438,0
18439,0
18440,0
18441,0
18442,0
18443,0
18444,0
18445,0
18446,0
18447,0
18448,0
18449,0
18450,0
18451,0
18452,0
18453,0
18454,0
18455,1
18456,0
18457,0
18458,0
18459,0
18460,0
18461,0
18462,0
18463,0
18464,0
18465,0
18466,0
18467,0
18468,0
18469,0
18470,1
18471,0
18472,0
18473,0
18474,0
18475,0
18476,0
18477,0
18478,0
18479,0
18480,0
18481,0
18482,0
18483,0
18484,0
18485,0
18486,0
18487,1
18488,0
18489,1
18490,0
18491,0
18492,1
18493,0
18494,0
18495,0
18496,0
18497,0
18498,0
18499,0
18500,0
18501,0
18502,0
18503,0
18504,0
18505,0
18506,0
18507,0
18508,0
18509,0
18510,0
18511,0
18512,0
18513,1
18514,1
18515,0
18516,0
18517,1
18518,0
18519,1
18520,0
18521,0
18522,0
18523,1
18524,0
18525,0
18526,0
18527,1
18528,0
18529,0
18530,1
18531,0
18532,0
18533,0
18534,0
18535,0
18536,1
18537,0
18538,0
18539,0
18540,0
18541,0
18542,0
18543,0
18544,0
18545,0
18546,0
18547,0
18548,0
18549,1
18550,0
18551,0
18552,1
18553,0
18554,0
18555,0
18556,0
18557,0
18558,0
18559,0
18560,1
18561,1
18562,0
18563,0
18564,1
18565,0
18566,1
18567,1
18568,0
18569,0
18570,0
18571,0
18572,0
18573,0
18574,0
18575,1
18576,1
18577,0
18578,0
18579,1
18580,0
18581,0
18582,1
18583,0
18584,1
18585,0
18586,0
18587,0
18588,0
18589,0
18590,0
18591,0
18592,0
18593,0
18594,0
18595,0
18596,0
18597,0
18598,1
18599,0
18600,0
18601,0
18602,0
18603,0
18604,0
18605,1
18606,0
18607,0
18608,0
18609,1
18610,0
18611,0
18612,0
18613,1
18614,0
18615,0
18616,0
18617,0
18618,0
18619,0
18620,0
18621,0
18622,0
18623,0
18624,0
18625,0
18626,1
18627,0
18628,1
18629,1
18630,1
18631,0
18632,0
18633,1
18634,0
18635,0
18636,0
18637,0
18638,0
18639,0
18640,1
18641,0
18642,0
18643,0
18644,0
18645,0
18646,0
18647,0
18648,0
18649,1
18650,0
18651,1
18652,1
18653,0
18654,1
18655,0
18656,0
18657,0
18658,0
18659,0
18660,0
18661,0
18662,0
18663,1
18664,0
18665,0
18666,0
18667,0
18668,0
18669,0
18670,0
18671,0
18672,1
18673,0
18674,0
18675,0
18676,0
18677,0
18678,0
18679,0
18680,0
18681,1
18682,0
18683,0
18684,1
18685,0
18686,0
18687,0
18688,0
18689,0
18690,0
18691,0
18692,0
18693,0
18694,0
18695,0
18696,0
18697,0
18698,1
18699,0
18700,0
18701,0
18702,0
18703,0
18704,0
18705,0
18706,1
18707,0
18708,1
18709,0
18710,0
18711,0
18712,0
18713,0
18714,0
18715,0
18716,0
18717,0
18718,0
18719,0
18720,0
18721,0
18722,0
18723,0
18724,0
18725,0
18726,0
18727,0
18728,0
18729,0
18730,0
18731,0
18732,0
18733,1
18734,0
18735,0
18736,0
18737,0
18738,1
18739,0
18740,1
18741,0
18742,0
18743,0
18744,0
18745,0
18746,0
18747,0
18748,0
18749,0
18750,0
18751,0
18752,1
18753,1
18754,0
18755,1
18756,1
18757,1
18758,0
18759,1
18760,0
18761,1
18762,1
18763,0
18764,0
18765,1
18766,1
18767,1
18768,0
18769,1
18770,1
18771,1
18772,1
18773,1
18774,0
18775,1
18776,0
18777,0
18778,1
18779,1
18780,0
18781,1
18782,1
18783,1
18784,0
18785,0
18786,1
18787,1
18788,1
18789,0
18790,0
18791,1
18792,1
18793,1
18794,0
18795,0
18796,1
18797,1
18798,1
18799,0
18800,0
18801,1
18802,1
18803,1
18804,0
18805,1
18806,1
18807,1
18808,1
18809,1
18810,0
18811,0
18812,0
18813,0
18814,0
18815,0
18816,0
18817,1
18818,0
18819,0
18820,0
18821,0
18822,0
18823,0
18824,0
18825,0
18826,1
18827,0
18828,0
18829,1
18830,1
18831,0
18832,1
18833,0
18834,0
18835,0
18836,0
18837,0
18838,1
18839,0
18840,0
18841,0
18842,0
18843,0
18844,0
18845,0
18846,0
18847,0
18848,0
18849,0
18850,0
18851,0
18852,0
18853,0
18854,0
18855,0
18856,0
18857,0
18858,0
18859,0
18860,0
18861,0
18862,0
18863,0
18864,1
18865,0
18866,1
18867,0
18868,0
18869,0
18870,0
18871,0
18872,0
18873,1
18874,0
18875,0
18876,0
18877,0
18878,0
18879,0
18880,0
18881,0
18882,0
18883,0
18884,0
18885,0
18886,1
18887,0
18888,0
18889,0
18890,0
18891,1
18892,1
18893,0
18894,0
18895,0
18896,1
18897,0
18898,0
18899,0
18900,0
18901,0
18902,0
18903,0
18904,1
18905,0
18906,0
18907,0
18908,0
18909,0
18910,0
18911,0
18912,0
18913,0
18914,0
18915,0
18916,1
18917,0
18918,0
18919,0
18920,0
18921,0
18922,0
18923,0
18924,0
18925,0
18926,0
18927,0
18928,0
18929,0
18930,0
18931,0
18932,0
18933,0
18934,0
18935,0
18936,0
18937,0
18938,0
18939,0
18940,0
18941,0
18942,0
18943,0
18944,0
18945,0
18946,0
18947,0
18948,0
18949,0
18950,0
18951,0
18952,0
18953,0
18954,0
18955,0
18956,0
18957,0
18958,0
18959,0
18960,0
18961,0
18962,1
18963,0
18964,0
18965,0
18966,0
18967,0
18968,0
18969,0
18970,0
18971,0
18972,0
18973,0
18974,0
18975,0
18976,0
18977,0
18978,0
18979,0
18980,0
18981,0
18982,0
18983,0
18984,0
18985,0
18986,0
18987,0
18988,1
18989,1
18990,0
18991,0
18992,1
18993,0
18994,0
18995,0
18996,0
18997,0
18998,0
18999,0
19000,0
19001,0
19002,0
19003,0
19004,0
19005,0
19006,1
19007,1
19008,1
19009,1
19010,1
19011,1
19012,1
19013,1
19014,1
19015,0
19016,0
19017,0
19018,1
19019,0
19020,1
19021,1
19022,1
19023,1
19024,1
19025,1
19026,1
19027,1
19028,1
19029,1
19030,1
19031,1
19032,1
19033,1
19034,1
19035,1
19036,1
19037,1
19038,1
19039,1
19040,1
19041,1
19042,0
19043,0
19044,1
19045,1
19046,1
19047,1
19048,1
19049,1
19050,1
19051,1
19052,1
19053,1
19054,1
19055,1
19056,1
19057,1
19058,1
19059,1
19060,1
19061,1
19062,1
19063,0
19064,1
19065,0
19066,1
19067,1
19068,1
19069,0
19070,1
19071,1
19072,1
19073,1
19074,1
19075,1
19076,1
19077,1
19078,0
19079,1
19080,1
19081,1
19082,0
19083,1
19084,1
19085,1
19086,1
19087,1
19088,1
19089,1
19090,1
19091,1
19092,1
19093,1
19094,1
19095,1
19096,0
19097,1
19098,1
19099,1
19100,1
19101,1
19102,1
19103,1
19104,1
19105,1
19106,1
19107,1
19108,1
19109,1
19110,0
19111,0
19112,0
19113,0
19114,0
19115,0
19116,0
19117,0
19118,0
19119,0
19120,0
19121,0
19122,0
19123,0
19124,0
19125,0
19126,0
19127,0
19128,0
19129,0
19130,0
19131,0
19132,1
19133,0
19134,0
19135,0
19136,0
19137,0
19138,0
19139,0
19140,0
19141,0
19142,0
19143,1
19144,0
19145,0
19146,0
19147,0
19148,0
19149,0
19150,1
19151,0
19152,0
19153,0
19154,0
19155,0
19156,0
19157,0
19158,0
19159,0
19160,0
19161,0
19162,0
19163,0
19164,0
19165,0
19166,0
19167,0
19168,0
19169,0
19170,0
19171,0
19172,0
19173,1
19174,0
19175,0
19176,0
19177,0
19178,1
19179,0
19180,1
19181,0
19182,0
19183,0
19184,0
19185,0
19186,0
19187,1
19188,0
19189,0
19190,0
19191,0
19192,0
19193,0
19194,0
19195,0
19196,0
19197,1
19198,0
19199,0
19200,0
19201,0
19202,0
19203,1
19204,1
19205,0
19206,0
19207,0
19208,0
19209,0
19210,1
19211,0
19212,0
19213,0
19214,0
19215,0
19216,1
19217,0
19218,0
19219,1
19220,0
19221,0
19222,0
19223,0
19224,1
19225,0
19226,0
19227,0
19228,0
19229,1
19230,1
19231,1
19232,1
19233,0
19234,0
19235,0
19236,0
19237,1
19238,0
19239,0
19240,0
19241,1
19242,0
19243,0
19244,1
19245,0
19246,1
19247,1
19248,0
19249,0
19250,0
19251,1
19252,0
19253,0
19254,0
19255,1
19256,0
19257,1
19258,0
19259,0
19260,0
19261,0
19262,1
19263,0
19264,1
19265,0
19266,1
19267,0
19268,1
19269,0
19270,0
19271,1
19272,0
19273,0
19274,0
19275,0
19276,0
19277,1
19278,0
19279,0
19280,0
19281,1
19282,1
19283,0
19284,0
19285,0
19286,1
19287,0
19288,1
19289,0
19290,0
19291,0
19292,0
19293,1
19294,0
19295,0
19296,0
19297,1
19298,1
19299,1
19300,1
19301,1
19302,1
19303,1
19304,1
19305,1
19306,1
19307,1
19308,1
19309,1
19310,1
19311,1
19312,1
19313,0
19314,0
19315,1
19316,1
19317,1
19318,1
19319,1
19320,1
19321,1
19322,1
19323,1
19324,1
19325,1
19326,1
19327,1
19328,1
19329,1
19330,1
19331,1
19332,1
19333,1
19334,1
19335,1
19336,1
19337,1
19338,1
19339,1
19340,1
19341,1
19342,1
19343,1
19344,1
19345,1
19346,1
19347,1
19348,1
19349,1
19350,1
19351,1
19352,1
19353,1
19354,1
19355,1
19356,1
19357,0
19358,1
19359,1
19360,1
19361,0
19362,1
19363,1
19364,1
19365,1
19366,0
19367,1
19368,0
19369,1
19370,1
19371,1
19372,1
19373,1
19374,0
19375,1
19376,1
19377,1
19378,1
19379,1
19380,1
19381,1
19382,1
19383,1
19384,1
19385,1
19386,1
19387,1
19388,1
19389,1
19390,1
19391,1
19392,1
19393,1
19394,1
19395,1
19396,1
19397,1
19398,1
19399,1
19400,1
19401,1
19402,1
19403,1
19404,1
19405,1
19406,1
19407,1
19408,1
19409,1
19410,1
19411,1
19412,1
19413,1
19414,1
19415,1
19416,1
19417,1
19418,1
19419,1
19420,1
19421,1
19422,1
19423,1
19424,1
19425,1
19426,1
19427,1
19428,1
19429,1
19430,1
19431,1
19432,1
19433,1
19434,1
19435,1
19436,0
19437,1
19438,1
19439,1
19440,1
19441,1
19442,1
19443,1
19444,1
19445,1
19446,1
19447,1
19448,1
19449,1
19450,0
19451,1
19452,1
19453,1
19454,1
19455,1
19456,0
19457,1
19458,0
19459,0
19460,1
19461,0
19462,0
19463,0
19464,0
19465,0
19466,0
19467,0
19468,0
19469,0
19470,0
19471,0
19472,0
19473,0
19474,1
19475,0
19476,0
19477,0
19478,0
19479,1
19480,0
19481,1
19482,0
19483,1
19484,1
19485,0
19486,0
19487,0
19488,0
19489,0
19490,0
19491,1
19492,0
19493,0
19494,0
19495,0
19496,0
19497,0
19498,0
19499,0
19500,0
19501,0
19502,0
19503,0
19504,0
19505,0
19506,0
19507,0
19508,0
19509,0
19510,0
19511,0
19512,0
19513,1
19514,0
19515,0
19516,0
19517,0
19518,0
19519,0
19520,0
19521,0
19522,0
19523,0
19524,0
19525,0
19526,0
19527,0
19528,0
19529,0
19530,0
19531,0
19532,0
19533,0
19534,0
19535,0
19536,0
19537,0
19538,0
19539,0
19540,0
19541,0
19542,1
19543,0
19544,0
19545,1
19546,0
19547,0
19548,0
19549,1
19550,0
19551,0
19552,0
19553,0
19554,0
19555,0
19556,0
19557,0
19558,0
19559,0
19560,0
19561,0
19562,1
19563,0
19564,1
19565,0
19566,1
19567,0
19568,0
19569,0
19570,0
19571,0
19572,0
19573,1
19574,0
19575,1
19576,1
19577,0
19578,1
19579,0
19580,0
19581,1
19582,0
19583,0
19584,0
19585,0
19586,0
19587,1
19588,1
19589,0
19590,0
19591,0
19592,0
19593,0
19594,0
19595,0
19596,0
19597,0
19598,1
19599,0
19600,0
19601,1
19602,1
19603,0
19604,0
19605,0
19606,0
19607,1
19608,0
19609,0
19610,0
19611,0
19612,0
19613,0
19614,0
19615,1
19616,1
19617,0
19618,0
19619,0
19620,0
19621,1
19622,1
19623,0
19624,1
19625,0
19626,0
19627,0
19628,1
19629,0
19630,0
19631,0
19632,0
19633,0
19634,0
19635,1
19636,0
19637,0
19638,1
19639,1
19640,1
19641,0
19642,0
19643,0
19644,1
19645,1
19646,1
19647,0
19648,0
19649,1
19650,0
19651,1
19652,0
19653,0
19654,0
19655,0
19656,0
19657,0
19658,0
19659,1
19660,0
19661,0
19662,0
19663,0
19664,1
19665,0
19666,0
19667,0
19668,1
19669,0
19670,0
19671,0
19672,1
19673,0
19674,0
19675,1
19676,0
19677,1
19678,0
19679,0
19680,0
19681,0
19682,0
19683,1
19684,0
19685,0
19686,0
19687,0
19688,1
19689,0
19690,0
19691,1
19692,0
19693,0
19694,0
19695,0
19696,0
19697,1
19698,0
19699,0
19700,0
19701,0
19702,0
19703,1
19704,1
19705,0
19706,0
19707,0
19708,0
19709,0
19710,0
19711,1
19712,1
19713,1
19714,0
19715,1
19716,0
19717,0
19718,0
19719,0
19720,0
19721,1
19722,1
19723,0
19724,0
19725,0
19726,0
19727,0
19728,0
19729,0
19730,0
19731,0
19732,0
19733,0
19734,0
19735,1
19736,0
19737,0
19738,1
19739,0
19740,0
19741,0
19742,0
19743,0
19744,0
19745,0
19746,0
19747,0
19748,0
19749,0
19750,0
19751,0
19752,0
19753,1
19754,0
19755,0
19756,1
19757,0
19758,1
19759,1
19760,0
19761,1
19762,0
19763,0
19764,1
19765,0
19766,0
19767,0
19768,0
19769,0
19770,0
19771,0
19772,0
19773,0
19774,0
19775,0
19776,0
19777,0
19778,0
19779,0
19780,0
19781,0
19782,0
19783,0
19784,0
19785,0
19786,0
19787,0
19788,1
19789,0
19790,0
19791,0
19792,0
19793,0
19794,0
19795,0
19796,0
19797,0
19798,0
19799,0
19800,0
19801,1
19802,0
19803,0
19804,0
19805,0
19806,0
19807,1
19808,0
19809,0
19810,0
19811,0
19812,1
19813,0
19814,0
19815,0
19816,0
19817,0
19818,0
19819,1
19820,0
19821,1
19822,0
19823,0
19824,0
19825,0
19826,0
19827,0
19828,0
19829,0
19830,0
19831,1
19832,0
19833,1
19834,0
19835,0
19836,0
19837,0
19838,0
19839,0
19840,0
19841,0
19842,0
19843,0
19844,0
19845,0
19846,0
19847,0
19848,0
19849,0
19850,0
19851,1
19852,0
19853,0
19854,0
19855,0
19856,0
19857,0
19858,0
19859,0
19860,0
19861,0
19862,0
19863,0
19864,0
19865,0
19866,0
19867,0
19868,0
19869,0
19870,0
19871,0
19872,0
19873,0
19874,0
19875,0
19876,0
19877,0
19878,0
19879,0
19880,0
19881,0
19882,0
19883,1
19884,1
19885,0
19886,0
19887,1
19888,0
19889,0
19890,0
19891,1
19892,0
19893,0
19894,0
19895,0
19896,1
19897,0
19898,0
19899,0
19900,0
19901,0
19902,0
19903,0
19904,0
19905,0
19906,0
19907,0
19908,0
19909,0
19910,0
19911,0
19912,0
19913,0
19914,0
19915,0
19916,0
19917,0
19918,1
19919,0
19920,0
19921,0
19922,0
19923,0
19924,0
19925,0
19926,0
19927,0
19928,0
19929,0
19930,0
19931,1
19932,0
19933,0
19934,0
19935,0
19936,1
19937,0
19938,0
19939,0
19940,0
19941,0
19942,0
19943,0
19944,0
19945,0
19946,0
19947,0
19948,0
19949,1
19950,0
19951,0
19952,0
19953,0
19954,0
19955,0
19956,0
19957,0
19958,0
19959,0
19960,0
19961,0
19962,0
19963,0
19964,0
19965,0
19966,0
19967,0
19968,0
19969,0
19970,0
19971,0
19972,0
19973,0
19974,1
19975,0
19976,0
19977,0
19978,1
19979,0
19980,0
19981,0
19982,1
19983,0
19984,0
19985,0
19986,0
19987,0
19988,0
19989,0
19990,0
19991,0
19992,0
19993,0
19994,1
19995,0
19996,0
19997,0
19998,0
19999,0
20000,0
20001,0
20002,0
20003,0
20004,0
20005,0
20006,0
20007,0
20008,0
20009,0
20010,0
20011,0
20012,1
20013,0
20014,0
20015,0
20016,0
20017,0
20018,0
20019,0
20020,1
20021,1
20022,1
20023,1
20024,1
20025,1
20026,0
20027,1
20028,1
20029,1
20030,0
20031,1
20032,1
20033,1
20034,1
20035,1
20036,1
20037,1
20038,1
20039,1
20040,1
20041,1
20042,1
20043,1
20044,1
20045,1
20046,1
20047,1
20048,1
20049,1
20050,1
20051,1
20052,1
20053,1
20054,1
20055,1
20056,1
20057,1
20058,1
20059,0
20060,1
20061,1
20062,1
20063,1
20064,1
20065,1
20066,1
20067,1
20068,1
20069,1
20070,1
20071,1
20072,1
20073,1
20074,1
20075,1
20076,1
20077,1
20078,1
20079,1
20080,1
20081,1
20082,1
20083,1
20084,1
20085,1
20086,1
20087,1
20088,1
20089,1
20090,1
20091,1
20092,1
20093,1
20094,1
20095,0
20096,1
20097,1
20098,1
20099,1
20100,0
20101,0
20102,0
20103,0
20104,0
20105,0
20106,0
20107,0
20108,0
20109,0
20110,0
20111,0
20112,0
20113,0
20114,0
20115,0
20116,0
20117,0
20118,0
20119,0
20120,0
20121,0
20122,0
20123,0
20124,0
20125,0
20126,0
20127,0
20128,0
20129,0
20130,0
20131,0
20132,0
20133,0
20134,0
20135,0
20136,1
20137,0
20138,0
20139,0
20140,0
20141,0
20142,0
20143,0
20144,0
20145,0
20146,0
20147,0
20148,0
20149,0
20150,0
20151,0
20152,0
20153,0
20154,0
20155,0
20156,0
20157,0
20158,0
20159,0
20160,0
20161,0
20162,0
20163,0
20164,0
20165,0
20166,0
20167,0
20168,0
20169,0
20170,0
20171,0
20172,0
20173,0
20174,0
20175,0
20176,0
20177,0
20178,0
20179,0
20180,0
20181,0
20182,0
20183,0
20184,0
20185,0
20186,0
20187,0
20188,0
20189,0
20190,0
20191,0
20192,0
20193,0
20194,0
20195,0
20196,0
20197,0
20198,0
20199,0
20200,0
20201,0
20202,0
20203,0
20204,0
20205,0
20206,0
20207,0
20208,0
20209,0
20210,0
20211,0
20212,1
20213,0
20214,0
20215,0
20216,0
20217,0
20218,0
20219,0
20220,0
20221,0
20222,0
20223,0
20224,0
20225,0
20226,0
20227,0
20228,0
20229,0
20230,0
20231,0
20232,0
20233,0
20234,0
20235,0
20236,0
20237,0
20238,0
20239,0
20240,0
20241,0
20242,0
20243,0
20244,0
20245,0
20246,0
20247,0
20248,0
20249,0
20250,0
20251,0
20252,1
20253,0
20254,0
20255,0
20256,0
20257,0
20258,0
20259,0
20260,0
20261,0
20262,0
20263,1
20264,0
20265,1
20266,0
20267,0
20268,0
20269,0
20270,0
20271,0
20272,0
20273,0
20274,0
20275,0
20276,0
20277,0
20278,1
20279,0
20280,0
20281,0
20282,0
20283,0
20284,0
20285,0
20286,0
20287,0
20288,0
20289,0
20290,0
20291,0
20292,0
20293,0
20294,0
20295,1
20296,0
20297,0
20298,0
20299,1
20300,0
20301,0
20302,0
20303,1
20304,0
20305,0
20306,1
20307,0
20308,1
20309,0
20310,0
20311,0
20312,0
20313,0
20314,0
20315,1
20316,0
20317,0
20318,0
20319,0
20320,0
20321,0
20322,1
20323,0
20324,0
20325,1
20326,0
20327,0
20328,0
20329,0
20330,0
20331,0
20332,1
20333,0
20334,0
20335,0
20336,0
20337,0
20338,0
20339,0
20340,0
20341,0
20342,0
20343,1
20344,0
20345,0
20346,0
20347,0
20348,0
20349,0
20350,1
20351,0
20352,0
20353,0
20354,0
20355,0
20356,0
20357,1
20358,0
20359,0
20360,0
20361,0
20362,0
20363,1
20364,0
20365,1
20366,0
20367,0
20368,0
20369,0
20370,0
20371,0
20372,0
20373,1
20374,0
20375,0
20376,1
20377,0
20378,0
20379,0
20380,1
20381,0
20382,0
20383,0
20384,0
20385,0
20386,1
20387,0
20388,0
20389,0
20390,0
20391,0
20392,0
20393,0
20394,0
20395,0
20396,0
20397,1
20398,0
20399,0
20400,0
20401,0
20402,0
20403,1
20404,1
20405,1
20406,1
20407,1
20408,0
20409,1
20410,0
20411,1
20412,1
20413,1
20414,1
20415,1
20416,1
20417,0
20418,0
20419,1
20420,1
20421,1
20422,1
20423,1
20424,1
20425,1
20426,1
20427,1
20428,1
20429,1
20430,0
20431,1
20432,1
20433,1
20434,1
20435,1
20436,1
20437,1
20438,1
20439,1
20440,1
20441,1
20442,1
20443,1
20444,1
20445,1
20446,0
20447,0
20448,1
20449,0
20450,1
20451,1
20452,1
20453,1
20454,1
20455,1
20456,1
20457,1
20458,1
20459,1
20460,1
20461,1
20462,1
20463,1
20464,1
20465,1
20466,1
20467,0
20468,1
20469,1
20470,1
20471,1
20472,1
20473,1
20474,1
20475,1
20476,1
20477,1
20478,0
20479,1
20480,1
20481,0
20482,1
20483,1
20484,1
20485,1
20486,1
20487,1
20488,1
20489,1
20490,1
20491,1
20492,0
20493,1
20494,1
20495,1
20496,1
20497,1
20498,1
20499,1
20500,1
20501,1
20502,0
20503,0
20504,0
20505,0
20506,0
20507,0
20508,0
20509,0
20510,0
20511,0
20512,0
20513,0
20514,0
20515,0
20516,0
20517,0
20518,0
20519,0
20520,0
20521,0
20522,0
20523,0
20524,0
20525,0
20526,0
20527,0
20528,0
20529,0
20530,1
20531,0
20532,0
20533,0
20534,0
20535,0
20536,0
20537,0
20538,0
20539,0
20540,0
20541,1
20542,0
20543,1
20544,0
20545,0
20546,0
20547,0
20548,0
20549,0
20550,0
20551,0
20552,0
20553,0
20554,0
20555,0
20556,0
20557,1
20558,0
20559,0
20560,0
20561,1
20562,0
20563,0
20564,0
20565,0
20566,0
20567,0
20568,0
20569,0
20570,1
20571,0
20572,0
20573,1
20574,0
20575,0
20576,0
20577,0
20578,0
20579,0
20580,0
20581,0
20582,0
20583,1
20584,0
20585,0
20586,1
20587,0
20588,1
20589,0
20590,1
20591,1
20592,0
20593,0
20594,0
20595,0
20596,0
20597,0
20598,0
20599,0
20600,0
20601,0
20602,0
20603,1
20604,0
20605,1
20606,1
20607,1
20608,0
20609,1
20610,1
20611,0
20612,1
20613,1
20614,1
20615,1
20616,1
20617,1
20618,0
20619,1
20620,1
20621,1
20622,1
20623,0
20624,1
20625,1
20626,0
20627,1
20628,0
20629,1
20630,1
20631,1
20632,0
20633,0
20634,0
20635,0
20636,1
20637,0
20638,1
20639,0
20640,0
20641,1
20642,0
20643,0
20644,0
20645,0
20646,1
20647,0
20648,0
20649,0
20650,0
20651,0
20652,0
20653,0
20654,0
20655,0
20656,0
20657,0
20658,0
20659,0
20660,0
20661,1
20662,1
20663,1
20664,0
20665,1
20666,0
20667,1
20668,0
20669,0
20670,1
20671,0
20672,0
20673,1
20674,0
20675,0
20676,0
20677,0
20678,1
20679,0
20680,0
20681,0
20682,0
20683,0
20684,0
20685,0
20686,0
20687,0
20688,0
20689,1
20690,0
20691,0
20692,0
20693,0
20694,0
20695,1
20696,0
20697,0
20698,0
20699,1
20700,0
20701,0
20702,0
20703,1
20704,0
20705,0
20706,0
20707,0
20708,0
20709,0
20710,0
20711,0
20712,0
20713,0
20714,0
20715,1
20716,0
20717,0
20718,0
20719,1
20720,0
20721,0
20722,0
20723,0
20724,0
20725,0
20726,0
20727,1
20728,1
20729,0
20730,0
20731,0
20732,0
20733,0
20734,0
20735,1
20736,0
20737,0
20738,0
20739,0
20740,0
20741,0
20742,0
20743,0
20744,0
20745,0
20746,0
20747,0
20748,0
20749,0
20750,0
20751,0
20752,0
20753,0
20754,0
20755,0
20756,0
20757,0
20758,0
20759,0
20760,0
20761,1
20762,0
20763,0
20764,0
20765,0
20766,0
20767,0
20768,0
20769,0
20770,0
20771,0
20772,0
20773,0
20774,0
20775,0
20776,0
20777,0
20778,0
20779,1
20780,0
20781,0
20782,0
20783,0
20784,0
20785,0
20786,0
20787,0
20788,0
20789,0
20790,0
20791,0
20792,0
20793,0
20794,0
20795,0
20796,0
20797,0
20798,0
20799,0
20800,0
20801,0
20802,0
20803,0
20804,0
20805,0
20806,0
20807,0
20808,0
20809,0
20810,0
20811,0
20812,0
20813,0
20814,0
20815,0
20816,0
20817,0
20818,0
20819,0
20820,0
20821,0
20822,0
20823,0
20824,0
20825,1
20826,0
20827,0
20828,1
20829,0
20830,0
20831,0
20832,0
20833,0
20834,0
20835,0
20836,0
20837,1
20838,0
20839,0
20840,0
20841,0
20842,0
20843,0
20844,0
20845,0
20846,0
20847,0
20848,0
20849,0
20850,1
20851,0
20852,0
20853,0
20854,0
20855,0
20856,0
20857,0
20858,0
20859,0
20860,0
20861,0
20862,0
20863,0
20864,0
20865,0
20866,0
20867,1
20868,1
20869,0
20870,0
20871,0
20872,0
20873,1
20874,0
20875,1
20876,0
20877,0
20878,0
20879,0
20880,0
20881,0
20882,0
20883,0
20884,0
20885,0
20886,0
20887,0
20888,0
20889,0
20890,0
20891,0
20892,0
20893,0
20894,0
20895,0
20896,0
20897,0
20898,0
20899,0
20900,0
20901,1
20902,0
20903,0
20904,0
20905,0
20906,0
20907,0
20908,0
20909,0
20910,0
20911,0
20912,0
20913,0
20914,1
20915,0
20916,0
20917,0
20918,0
20919,0
20920,0
20921,1
20922,0
20923,0
20924,0
20925,0
20926,1
20927,0
20928,0
20929,0
20930,0
20931,0
20932,0
20933,1
20934,0
20935,0
20936,1
20937,0
20938,0
20939,0
20940,0
20941,0
20942,0
20943,1
20944,0
20945,0
20946,1
20947,0
20948,1
20949,0
20950,0
20951,0
20952,0
20953,0
20954,0
20955,0
20956,0
20957,0
20958,0
20959,1
20960,1
20961,0
20962,1
20963,0
20964,0
20965,0
20966,0
20967,1
20968,0
20969,0
20970,0
20971,0
20972,0
20973,0
20974,1
20975,0
20976,0
20977,0
20978,1
20979,0
20980,0
20981,1
20982,0
20983,0
20984,0
20985,1
20986,0
20987,0
20988,0
20989,0
20990,0
20991,0
20992,0
20993,1
20994,0
20995,0
20996,1
20997,0
20998,0
20999,0
21000,0
21001,0
21002,0
21003,0
21004,0
21005,0
21006,0
21007,0
21008,0
21009,0
21010,0
21011,1
21012,1
21013,0
21014,1
21015,1
21016,0
21017,0
21018,1
21019,1
21020,1
21021,1
21022,0
21023,1
21024,1
21025,1
21026,1
21027,0
21028,0
21029,1
21030,1
21031,1
21032,1
21033,0
21034,1
21035,1
21036,1
21037,1
21038,0
21039,1
21040,1
21041,1
21042,0
21043,1
21044,0
21045,1
21046,1
21047,1
21048,1
21049,1
21050,0
21051,1
21052,1
21053,1
21054,1
21055,1
21056,1
21057,1
21058,0
21059,1
21060,1
21061,1
21062,0
21063,1
21064,1
21065,1
21066,1
21067,1
21068,0
21069,0
21070,1
21071,1
21072,1
21073,1
21074,1
21075,1
21076,1
21077,0
21078,1
21079,1
21080,1
21081,1
21082,1
21083,1
21084,1
21085,0
21086,1
21087,0
21088,1
21089,1
21090,1
21091,1
21092,1
21093,1
21094,1
21095,1
21096,0
21097,1
21098,1
21099,1
21100,0
21101,1
21102,1
21103,1
21104,0
21105,0
21106,0
21107,1
21108,1
21109,0
21110,1
21111,0
21112,0
21113,0
21114,0
21115,0
21116,0
21117,0
21118,1
21119,0
21120,0
21121,0
21122,0
21123,0
21124,1
21125,0
21126,1
21127,0
21128,0
21129,0
21130,0
21131,0
21132,0
21133,0
21134,0
21135,0
21136,0
21137,0
21138,0
21139,1
21140,0
21141,0
21142,0
21143,1
21144,0
21145,1
21146,0
21147,0
21148,0
21149,0
21150,1
21151,0
21152,0
21153,0
21154,0
21155,0
21156,0
21157,0
21158,1
21159,0
21160,0
21161,0
21162,0
21163,0
21164,0
21165,0
21166,0
21167,0
21168,0
21169,0
21170,0
21171,0
21172,0
21173,0
21174,0
21175,0
21176,0
21177,0
21178,0
21179,0
21180,0
21181,0
21182,0
21183,0
21184,0
21185,0
21186,0
21187,0
21188,0
21189,0
21190,0
21191,0
21192,0
21193,0
21194,0
21195,1
21196,0
21197,0
21198,0
21199,0
21200,0
21201,0
21202,0
21203,0
21204,0
21205,1
21206,0
21207,0
21208,0
21209,0
21210,1
21211,0
21212,0
21213,1
21214,0
21215,0
21216,1
21217,0
21218,1
21219,1
21220,0
21221,0
21222,0
21223,0
21224,0
21225,0
21226,1
21227,0
21228,0
21229,0
21230,0
21231,0
21232,0
21233,1
21234,0
21235,0
21236,0
21237,0
21238,0
21239,0
21240,0
21241,0
21242,0
21243,1
21244,0
21245,0
21246,1
21247,0
21248,0
21249,1
21250,0
21251,0
21252,0
21253,1
21254,0
21255,0
21256,0
21257,1
21258,1
21259,0
21260,0
21261,1
21262,0
21263,1
21264,0
21265,0
21266,0
21267,1
21268,0
21269,1
21270,0
21271,0
21272,0
21273,0
21274,0
21275,0
21276,1
21277,0
21278,0
21279,0
21280,0
21281,1
21282,0
21283,0
21284,0
21285,0
21286,0
21287,1
21288,0
21289,0
21290,0
21291,0
21292,0
21293,0
21294,1
21295,1
21296,0
21297,0
21298,0
21299,0
21300,0
21301,0
21302,0
21303,0
21304,0
21305,0
21306,1
21307,0
21308,0
21309,1
21310,1
21311,0
21312,0
21313,0
21314,0
21315,0
21316,1
21317,1
21318,0
21319,0
21320,0
21321,0
21322,0
21323,0
21324,0
21325,0
21326,0
21327,0
21328,1
21329,0
21330,0
21331,0
21332,0
21333,0
21334,0
21335,0
21336,0
21337,0
21338,1
21339,0
21340,0
21341,1
21342,0
21343,0
21344,0
21345,0
21346,1
21347,0
21348,0
21349,1
21350,0
21351,0
21352,0
21353,0
21354,0
21355,1
21356,0
21357,0
21358,0
21359,0
21360,0
21361,0
21362,0
21363,1
21364,0
21365,0
21366,0
21367,1
21368,0
21369,0
21370,1
21371,0
21372,1
21373,0
21374,0
21375,0
21376,0
21377,0
21378,0
21379,0
21380,0
21381,0
21382,0
21383,0
21384,0
21385,0
21386,1
21387,0
21388,0
21389,0
21390,0
21391,0
21392,1
21393,0
21394,0
21395,0
21396,0
21397,0
21398,0
21399,0
21400,1
21401,0
21402,0
21403,0
21404,0
21405,0
21406,0
21407,0
21408,1
21409,0
21410,0
21411,0
21412,1
21413,1
21414,0
21415,0
21416,0
21417,0
21418,0
21419,0
21420,0
21421,0
21422,0
21423,0
21424,0
21425,0
21426,0
21427,0
21428,0
21429,0
21430,0
21431,0
21432,0
21433,0
21434,0
21435,0
21436,0
21437,0
21438,0
21439,0
21440,0
21441,0
21442,0
21443,0
21444,0
21445,0
21446,0
21447,0
21448,0
21449,0
21450,1
21451,0
21452,0
21453,1
21454,0
21455,0
21456,1
21457,0
21458,0
21459,0
21460,0
21461,0
21462,0
21463,0
21464,0
21465,0
21466,0
21467,0
21468,0
21469,0
21470,0
21471,0
21472,0
21473,0
21474,0
21475,0
21476,0
21477,0
21478,0
21479,0
21480,0
21481,0
21482,0
21483,0
21484,0
21485,0
21486,0
21487,0
21488,0
21489,0
21490,0
21491,0
21492,0
21493,0
21494,0
21495,0
21496,0
21497,0
21498,0
21499,0
21500,0
21501,0
21502,1
21503,1
21504,1
21505,1
21506,1
21507,1
21508,1
21509,1
21510,1
21511,1
21512,1
21513,1
21514,1
21515,1
21516,1
21517,1
21518,1
21519,1
21520,1
21521,1
21522,1
21523,1
21524,1
21525,1
21526,1
21527,1
21528,1
21529,1
21530,1
21531,1
21532,1
21533,1
21534,1
21535,1
21536,1
21537,1
21538,1
21539,1
21540,1
21541,0
21542,1
21543,0
21544,0
21545,0
21546,1
21547,1
21548,1
21549,0
21550,0
21551,1
21552,0
21553,1
21554,0
21555,0
21556,0
21557,0
21558,0
21559,1
21560,0
21561,0
21562,0
21563,0
21564,0
21565,1
21566,0
21567,0
21568,0
21569,0
21570,1
21571,0
21572,0
21573,1
21574,0
21575,0
21576,1
21577,1
21578,0
21579,0
21580,0
21581,0
21582,1
21583,0
21584,0
21585,1
21586,0
21587,0
21588,0
21589,1
21590,0
21591,1
21592,0
21593,1
21594,0
21595,0
21596,0
21597,1
21598,0
21599,0
21600,1
21601,0
21602,1
21603,1
21604,1
21605,0
21606,0
21607,1
21608,0
21609,0
21610,1
21611,0
21612,0
21613,1
21614,0
21615,1
21616,0
21617,0
21618,1
21619,0
21620,0
21621,0
21622,1
21623,1
21624,0
21625,0
21626,0
21627,1
21628,0
21629,0
21630,1
21631,0
21632,0
21633,0
21634,0
21635,1
21636,1
21637,0
21638,0
21639,0
21640,0
21641,0
21642,0
21643,0
21644,1
21645,0
21646,0
21647,0
21648,0
21649,0
21650,0
21651,0
21652,0
21653,0
21654,0
21655,0
21656,0
21657,0
21658,0
21659,0
21660,0
21661,0
21662,0
21663,0
21664,0
21665,0
21666,0
21667,0
21668,0
21669,0
21670,0
21671,0
21672,0
21673,0
21674,0
21675,0
21676,0
21677,0
21678,0
21679,0
21680,0
21681,0
21682,0
21683,0
21684,0
21685,0
21686,0
21687,0
21688,0
21689,0
21690,0
21691,0
21692,1
21693,0
21694,0
21695,0
21696,0
21697,0
21698,0
21699,0
21700,0
21701,0
21702,0
21703,0
21704,0
21705,0
21706,0
21707,0
21708,0
21709,0
21710,0
21711,0
21712,0
21713,0
21714,0
21715,0
21716,0
21717,0
21718,1
21719,0
21720,1
21721,0
21722,0
21723,0
21724,0
21725,0
21726,0
21727,0
21728,0
21729,0
21730,0
21731,0
21732,0
21733,1
21734,0
21735,0
21736,0
21737,0
21738,0
21739,0
21740,0
21741,0
21742,0
21743,0
21744,0
21745,0
21746,0
21747,0
21748,0
21749,0
21750,0
21751,1
21752,0
21753,0
21754,0
21755,0
21756,0
21757,0
21758,0
21759,0
21760,0
21761,0
21762,0
21763,0
21764,0
21765,0
21766,0
21767,0
21768,0
21769,1
21770,0
21771,0
21772,0
21773,0
21774,0
21775,0
21776,0
21777,0
21778,0
21779,0
21780,0
21781,0
21782,0
21783,0
21784,1
21785,0
21786,1
21787,0
21788,0
21789,0
21790,0
21791,0
21792,0
21793,0
21794,1
21795,0
21796,0
21797,0
21798,0
21799,0
21800,0
21801,0
21802,0
21803,0
21804,0
21805,0
21806,0
21807,0
21808,0
21809,0
21810,0
21811,0
21812,1
21813,1
21814,1
21815,1
21816,1
21817,1
21818,1
21819,1
21820,1
21821,1
21822,1
21823,1
21824,1
21825,1
21826,1
21827,1
21828,1
21829,1
21830,1
21831,1
21832,1
21833,1
21834,1
21835,1
21836,0
21837,1
21838,1
21839,1
21840,1
21841,1
21842,1
21843,1
21844,1
21845,1
21846,1
21847,1
21848,0
21849,1
21850,0
21851,1
21852,0
21853,0
21854,0
21855,0
21856,1
21857,0
21858,0
21859,0
21860,0
21861,0
21862,1
21863,1
21864,1
21865,1
21866,0
21867,0
21868,0
21869,0
21870,0
21871,0
21872,1
21873,1
21874,0
21875,0
21876,0
21877,0
21878,0
21879,1
21880,0
21881,0
21882,1
21883,0
21884,0
21885,1
21886,0
21887,1
21888,0
21889,1
21890,0
21891,0
21892,0
21893,0
21894,0
21895,0
21896,0
21897,0
21898,1
21899,0
21900,0
21901,0
21902,1
21903,0
21904,0
21905,0
21906,1
21907,0
21908,0
21909,0
21910,0
21911,0
21912,0
21913,0
21914,0
21915,0
21916,0
21917,1
21918,1
21919,0
21920,1
21921,1
21922,0
21923,1
21924,0
21925,0
21926,0
21927,0
21928,0
21929,1
21930,0
21931,0
21932,0
21933,0
21934,1
21935,0
21936,0
21937,0
21938,0
21939,0
21940,0
21941,0
21942,0
21943,0
21944,0
21945,0
21946,0
21947,0
21948,0
21949,0
21950,0
21951,0
21952,1
21953,0
21954,0
21955,0
21956,1
21957,0
21958,1
21959,0
21960,0
21961,0
21962,0
21963,0
21964,0
21965,0
21966,0
21967,0
21968,0
21969,0
21970,0
21971,0
21972,0
21973,0
21974,0
21975,0
21976,0
21977,0
21978,0
21979,1
21980,0
21981,0
21982,0
21983,1
21984,1
21985,0
21986,0
21987,0
21988,0
21989,0
21990,0
21991,0
21992,0
21993,0
21994,0
21995,0
21996,0
21997,0
21998,0
21999,0
22000,0
22001,0
22002,0
22003,0
22004,0
22005,0
22006,0
22007,1
22008,0
22009,0
22010,0
22011,0
22012,0
22013,0
22014,0
22015,0
22016,0
22017,0
22018,0
22019,0
22020,0
22021,0
22022,0
22023,0
22024,0
22025,0
22026,0
22027,0
22028,0
22029,0
22030,0
22031,0
22032,0
22033,0
22034,0
22035,0
22036,0
22037,0
22038,0
22039,0
22040,0
22041,0
22042,1
22043,0
22044,0
22045,0
22046,0
22047,0
22048,0
22049,1
22050,0
22051,0
22052,0
22053,0
22054,0
22055,0
22056,1
22057,0
22058,1
22059,1
22060,0
22061,0
22062,0
22063,0
22064,0
22065,0
22066,0
22067,0
22068,0
22069,0
22070,0
22071,1
22072,0
22073,0
22074,0
22075,0
22076,1
22077,0
22078,0
22079,0
22080,0
22081,0
22082,1
22083,0
22084,0
22085,0
22086,0
22087,0
22088,0
22089,0
22090,0
22091,1
22092,0
22093,0
22094,0
22095,0
22096,0
22097,0
22098,0
22099,0
22100,0
22101,0
22102,0
22103,0
22104,0
22105,0
22106,0
22107,0
22108,0
22109,0
22110,1
22111,0
22112,1
22113,0
22114,0
22115,0
22116,0
22117,0
22118,0
22119,0
22120,0
22121,0
22122,0
22123,0
22124,0
22125,0
22126,1
22127,0
22128,0
22129,0
22130,0
22131,0
22132,0
22133,1
22134,1
22135,0
22136,0
22137,1
22138,0
22139,0
22140,0
22141,0
22142,0
22143,1
22144,1
22145,1
22146,1
22147,0
22148,1
22149,1
22150,1
22151,1
22152,0
22153,0
22154,1
22155,1
22156,1
22157,1
22158,1
22159,1
22160,0
22161,1
22162,0
22163,0
22164,0
22165,0
22166,1
22167,1
22168,0
22169,1
22170,0
22171,0
22172,0
22173,1
22174,1
22175,1
22176,1
22177,1
22178,1
22179,1
22180,0
22181,1
22182,1
22183,0
22184,0
22185,1
22186,0
22187,0
22188,1
22189,0
22190,1
22191,0
22192,0
22193,1
22194,1
22195,1
22196,0
22197,1
22198,0
22199,1
22200,1
22201,1
22202,0
22203,1
22204,1
22205,0
22206,0
22207,1
22208,1
22209,0
22210,1
22211,1
22212,1
22213,1
22214,0
22215,1
22216,1
22217,0
22218,1
22219,1
22220,1
22221,1
22222,0
22223,1
22224,1
22225,1
22226,0
22227,1
22228,1
22229,1
22230,1
22231,0
22232,1
22233,1
22234,1
22235,1
22236,0
22237,0
22238,1
22239,0
22240,1
22241,1
22242,1
22243,1
22244,1
22245,1
22246,1
22247,1
22248,1
22249,1
22250,1
22251,1
22252,1
22253,1
22254,0
22255,1
22256,1
22257,1
22258,1
22259,1
22260,1
22261,1
22262,0
22263,1
22264,1
22265,1
22266,1
22267,1
22268,1
22269,1
22270,1
22271,1
22272,1
22273,1
22274,1
22275,1
22276,1
22277,0
22278,1
22279,1
22280,1
22281,1
22282,1
22283,1
22284,1
22285,1
22286,1
22287,1
22288,1
22289,1
22290,1
22291,1
22292,1
22293,1
22294,1
22295,1
22296,1
22297,1
22298,1
22299,1
22300,1
22301,1
22302,1
22303,1
22304,1
22305,1
22306,0
22307,1
22308,1
22309,1
22310,1
22311,1
22312,1
22313,1
22314,1
22315,0
22316,1
22317,0
22318,1
22319,1
22320,1
22321,1
22322,1
22323,1
22324,1
22325,1
22326,1
22327,1
22328,1
22329,1
22330,1
22331,1
22332,1
22333,1
22334,1
22335,1
22336,1
22337,1
22338,1
22339,1
22340,1
22341,1
22342,1
22343,1
22344,1
22345,1
22346,1
22347,1
22348,1
22349,1
22350,1
22351,1
22352,1
22353,1
22354,1
22355,1
22356,1
22357,1
22358,1
22359,1
22360,0
22361,0
22362,0
22363,0
22364,0
22365,0
22366,0
22367,0
22368,0
22369,0
22370,0
22371,0
22372,0
22373,0
22374,0
22375,0
22376,0
22377,0
22378,0
22379,0
22380,0
22381,0
22382,1
22383,0
22384,0
22385,0
22386,0
22387,0
22388,0
22389,0
22390,0
22391,0
22392,0
22393,1
22394,0
22395,0
22396,0
22397,0
22398,0
22399,0
22400,0
22401,0
22402,0
22403,0
22404,1
22405,0
22406,0
22407,0
22408,0
22409,0
22410,0
22411,0
22412,0
22413,0
22414,0
22415,1
22416,0
22417,0
22418,0
22419,0
22420,0
22421,0
22422,0
22423,0
22424,0
22425,0
22426,0
22427,0
22428,0
22429,0
22430,1
22431,0
22432,0
22433,1
22434,0
22435,0
22436,0
22437,0
22438,0
22439,0
22440,0
22441,0
22442,0
22443,0
22444,0
22445,0
22446,0
22447,0
22448,0
22449,0
22450,0
22451,0
22452,0
22453,0
22454,0
22455,1
22456,0
22457,0
22458,1
22459,1
22460,1
22461,0
22462,0
22463,1
22464,0
22465,0
22466,1
22467,0
22468,0
22469,0
22470,1
22471,0
22472,0
22473,0
22474,0
22475,0
22476,1
22477,0
22478,0
22479,0
22480,0
22481,1
22482,1
22483,1
22484,1
22485,0
22486,0
22487,0
22488,0
22489,0
22490,0
22491,0
22492,0
22493,1
22494,1
22495,0
22496,1
22497,0
22498,0
22499,0
22500,1
22501,1
22502,0
22503,1
22504,0
22505,0
22506,1
22507,1
22508,1
22509,0
22510,1
22511,1
22512,0
22513,0
22514,0
22515,1
22516,0
22517,0
22518,0
22519,0
22520,1
22521,0
22522,0
22523,1
22524,0
22525,1
22526,0
22527,1
22528,1
22529,0
22530,0
22531,1
22532,0
22533,1
22534,0
22535,0
22536,0
22537,0
22538,0
22539,0
22540,0
22541,1
22542,1
22543,1
22544,0
22545,0
22546,1
22547,0
22548,0
22549,0
22550,0
22551,1
22552,0
22553,0
22554,0
22555,0
22556,0
22557,0
22558,0
22559,0
22560,0
22561,0
22562,0
22563,0
22564,0
22565,0
22566,1
22567,0
22568,0
22569,1
22570,0
22571,0
22572,0
22573,0
22574,0
22575,1
22576,0
22577,0
22578,1
22579,0
22580,0
22581,0
22582,0
22583,0
22584,0
22585,0
22586,0
22587,0
22588,0
22589,0
22590,0
22591,0
22592,0
22593,0
22594,1
22595,0
22596,0
22597,0
22598,0
22599,0
22600,0
22601,0
22602,0
22603,0
22604,0
22605,0
22606,0
22607,0
22608,0
22609,0
22610,0
22611,0
22612,0
22613,0
22614,0
22615,0
22616,0
22617,0
22618,0
22619,1
22620,0
22621,1
22622,0
22623,0
22624,0
22625,0
22626,0
22627,0
22628,0
22629,0
22630,0
22631,0
22632,0
22633,0
22634,0
22635,1
22636,0
22637,0
22638,0
22639,0
22640,0
22641,0
22642,0
22643,0
22644,1
22645,0
22646,1
22647,1
22648,1
22649,1
22650,1
22651,1
22652,0
22653,1
22654,1
22655,1
22656,1
22657,1
22658,0
22659,0
22660,1
22661,1
22662,1
22663,1
22664,0
22665,1
22666,1
22667,0
22668,1
22669,1
22670,1
22671,1
22672,0
22673,0
22674,1
22675,1
22676,1
22677,1
22678,1
22679,1
22680,1
22681,0
22682,1
22683,0
22684,1
22685,1
22686,0
22687,0
22688,1
22689,1
22690,1
22691,1
22692,1
22693,0
22694,1
22695,1
22696,0
22697,0
22698,0
22699,0
22700,1
22701,0
22702,0
22703,1
22704,1
22705,1
22706,1
22707,1
22708,1
22709,1
22710,1
22711,0
22712,0
22713,1
22714,0
22715,1
22716,1
22717,1
22718,1
22719,1
22720,1
22721,0
22722,1
22723,1
22724,1
22725,0
22726,1
22727,1
22728,0
22729,1
22730,1
22731,1
22732,1
22733,0
22734,0
22735,1
22736,1
22737,1
22738,1
22739,1
22740,1
22741,0
22742,1
22743,0
22744,1
22745,1
22746,1
22747,1
22748,1
22749,1
22750,1
22751,1
22752,1
22753,1
22754,1
22755,1
22756,1
22757,1
22758,1
22759,1
22760,1
22761,1
22762,1
22763,1
22764,1
22765,1
22766,1
22767,1
22768,1
22769,1
22770,1
22771,1
22772,1
22773,1
22774,1
22775,1
22776,1
22777,1
22778,1
22779,1
22780,1
22781,1
22782,1
22783,1
22784,1
22785,1
22786,1
22787,1
22788,1
22789,1
22790,1
22791,1
22792,1
22793,0
22794,1
22795,1
22796,1
22797,1
22798,1
22799,1
22800,1
22801,1
22802,1
22803,1
22804,1
22805,1
22806,1
22807,0
22808,1
22809,1
22810,1
22811,1
22812,0
22813,1
22814,1
22815,1
22816,1
22817,1
22818,1
22819,1
22820,1
22821,1
22822,1
22823,0
22824,1
22825,1
22826,1
22827,1
22828,1
22829,1
22830,1
22831,1
22832,1
22833,1
22834,1
22835,1
22836,1
22837,1
22838,0
22839,0
22840,0
22841,0
22842,0
22843,0
22844,0
22845,0
22846,0
22847,0
22848,0
22849,0
22850,0
22851,0
22852,0
22853,0
22854,0
22855,0
22856,1
22857,0
22858,0
22859,0
22860,0
22861,1
22862,0
22863,0
22864,0
22865,0
22866,0
22867,0
22868,0
22869,0
22870,0
22871,0
22872,1
22873,0
22874,0
22875,0
22876,0
22877,0
22878,0
22879,0
22880,1
22881,0
22882,0
22883,0
22884,0
22885,1
22886,0
22887,0
22888,0
22889,0
22890,0
22891,0
22892,0
22893,1
22894,1
22895,0
22896,0
22897,0
22898,1
22899,0
22900,0
22901,0
22902,0
22903,0
22904,0
22905,0
22906,1
22907,0
22908,0
22909,1
22910,0
22911,0
22912,0
22913,0
22914,0
22915,0
22916,0
22917,0
22918,0
22919,0
22920,0
22921,0
22922,1
22923,0
22924,0
22925,0
22926,0
22927,0
22928,0
22929,0
22930,0
22931,0
22932,0
22933,0
22934,0
22935,0
22936,0
22937,0
22938,0
22939,0
22940,0
22941,0
22942,0
22943,0
22944,0
22945,0
22946,0
22947,0
22948,0
22949,0
22950,0
22951,0
22952,0
22953,0
22954,0
22955,0
22956,0
22957,0
22958,0
22959,0
22960,0
22961,0
22962,0
22963,0
22964,0
22965,0
22966,0
22967,0
22968,0
22969,0
22970,0
22971,1
22972,0
22973,0
22974,0
22975,0
22976,0
22977,0
22978,0
22979,0
22980,0
22981,0
22982,0
22983,0
22984,0
22985,0
22986,0
22987,0
22988,0
22989,0
22990,0
22991,0
22992,0
22993,0
22994,0
22995,0
22996,0
22997,0
22998,0
22999,0
23000,0
23001,0
23002,0
23003,0
23004,0
23005,0
23006,0
23007,0
23008,0
23009,0
23010,0
23011,0
23012,0
23013,0
23014,0
23015,0
23016,0
23017,0
23018,0
23019,0
23020,0
23021,0
23022,0
23023,0
23024,0
23025,0
23026,0
23027,0
23028,0
23029,0
23030,0
23031,0
23032,0
23033,0
23034,0
23035,0
23036,0
23037,0
23038,0
23039,0
23040,0
23041,0
23042,1
23043,0
23044,0
23045,0
23046,0
23047,0
23048,0
23049,0
23050,0
23051,0
23052,0
23053,0
23054,0
23055,0
23056,1
23057,0
23058,0
23059,0
23060,0
23061,0
23062,0
23063,1
23064,0
23065,0
23066,0
23067,0
23068,0
23069,0
23070,0
23071,0
23072,0
23073,0
23074,0
23075,0
23076,0
23077,0
23078,0
23079,0
23080,0
23081,0
23082,0
23083,0
23084,0
23085,0
23086,0
23087,0
23088,0
23089,0
23090,0
23091,0
23092,0
23093,0
23094,0
23095,0
23096,0
23097,0
23098,0
23099,0
23100,0
23101,0
23102,1
23103,0
23104,0
23105,0
23106,0
23107,0
23108,0
23109,0
23110,0
23111,0
23112,1
23113,0
23114,0
23115,0
23116,0
23117,1
23118,0
23119,0
23120,0
23121,0
23122,1
23123,0
23124,0
23125,0
23126,0
23127,0
23128,1
23129,0
23130,0
23131,0
23132,0
23133,0
23134,0
23135,0
23136,0
23137,1
23138,1
23139,0
23140,0
23141,0
23142,0
23143,0
23144,0
23145,0
23146,0
23147,1
23148,0
23149,0
23150,0
23151,0
23152,0
23153,0
23154,1
23155,0
23156,0
23157,0
23158,0
23159,0
23160,0
23161,0
23162,0
23163,0
23164,0
23165,0
23166,0
23167,0
23168,0
23169,0
23170,0
23171,0
23172,0
23173,0
23174,0
23175,0
23176,0
23177,0
23178,0
23179,0
23180,0
23181,0
23182,0
23183,0
23184,0
23185,0
23186,0
23187,0
23188,0
23189,1
23190,0
23191,0
23192,0
23193,0
23194,0
23195,0
23196,0
23197,0
23198,0
23199,0
23200,0
23201,0
23202,0
23203,1
23204,0
23205,1
23206,1
23207,1
23208,1
23209,1
23210,1
23211,0
23212,1
23213,1
23214,0
23215,1
23216,1
23217,1
23218,1
23219,1
23220,1
23221,1
23222,1
23223,1
23224,1
23225,1
23226,1
23227,1
23228,1
23229,1
23230,0
23231,0
23232,1
23233,1
23234,1
23235,1
23236,1
23237,1
23238,1
23239,0
23240,0
23241,0
23242,0
23243,0
23244,0
23245,0
23246,0
23247,0
23248,0
23249,0
23250,0
23251,0
23252,0
23253,0
23254,1
23255,0
23256,0
23257,0
23258,0
23259,0
23260,0
23261,0
23262,0
23263,0
23264,0
23265,0
23266,0
23267,0
23268,0
23269,0
23270,0
23271,0
23272,0
23273,0
23274,0
23275,0
23276,0
23277,0
23278,0
23279,0
23280,0
23281,0
23282,0
23283,0
23284,0
23285,0
23286,0
23287,0
23288,0
23289,0
23290,0
23291,0
23292,0
23293,0
23294,0
23295,0
23296,0
23297,0
23298,0
23299,0
23300,0
23301,0
23302,0
23303,0
23304,0
23305,0
23306,0
23307,0
23308,0
23309,0
23310,0
23311,0
23312,0
23313,0
23314,0
23315,0
23316,0
23317,0
23318,0
23319,0
23320,0
23321,0
23322,0
23323,0
23324,0
23325,0
23326,0
23327,0
23328,0
23329,0
23330,0
23331,0
23332,0
23333,0
23334,1
23335,0
23336,0
23337,0
23338,0
23339,0
23340,0
23341,0
23342,0
23343,0
23344,0
23345,1
23346,0
23347,0
23348,0
23349,0
23350,0
23351,0
23352,0
23353,0
23354,0
23355,0
23356,0
23357,0
23358,0
23359,0
23360,0
23361,0
23362,0
23363,0
23364,1
23365,0
23366,0
23367,0
23368,0
23369,0
23370,0
23371,0
23372,0
23373,0
23374,0
23375,1
23376,0
23377,0
23378,1
23379,0
23380,0
23381,0
23382,0
23383,0
23384,0
23385,0
23386,0
23387,1
23388,0
23389,0
23390,1
23391,0
23392,0
23393,0
23394,0
23395,1
23396,0
23397,0
23398,0
23399,0
23400,0
23401,1
23402,0
23403,0
23404,0
23405,0
23406,0
23407,0
23408,1
23409,1
23410,1
23411,1
23412,0
23413,0
23414,0
23415,1
23416,1
23417,1
23418,0
23419,0
23420,1
23421,0
23422,1
23423,0
23424,0
23425,1
23426,1
23427,0
23428,0
23429,1
23430,0
23431,1
23432,0
23433,1
23434,1
23435,1
23436,0
23437,1
23438,0
23439,1
23440,0
23441,1
23442,1
23443,1
23444,1
23445,0
23446,0
23447,0
23448,1
23449,1
23450,1
23451,0
23452,0
23453,1
23454,0
23455,1
23456,0
23457,1
23458,0
23459,1
23460,0
23461,1
23462,0
23463,0
23464,0
23465,1
23466,1
23467,1
23468,1
23469,1
23470,0
23471,0
23472,1
23473,1
23474,1
23475,1
23476,0
23477,1
23478,0
23479,1
23480,1
23481,0
23482,0
23483,0
23484,1
23485,0
23486,1
23487,1
23488,0
23489,0
23490,0
23491,0
23492,0
23493,0
23494,0
23495,0
23496,0
23497,0
23498,0
23499,0
23500,0
23501,0
23502,0
23503,0
23504,0
23505,0
23506,0
23507,1
23508,0
23509,0
23510,0
23511,0
23512,0
23513,0
23514,0
23515,0
23516,1
23517,0
23518,0
23519,0
23520,0
23521,0
23522,0
23523,0
23524,0
23525,1
23526,0
23527,0
23528,0
23529,0
23530,0
23531,1
23532,0
23533,0
23534,0
23535,0
23536,0
23537,0
23538,0
23539,0
23540,0
23541,0
23542,0
23543,0
23544,0
23545,0
23546,1
23547,0
23548,0
23549,1
23550,0
23551,1
23552,0
23553,0
23554,0
23555,0
23556,1
23557,1
23558,0
23559,0
23560,0
23561,1
23562,0
23563,0
23564,1
23565,0
23566,0
23567,0
23568,0
23569,0
23570,1
23571,1
23572,0
23573,0
23574,1
23575,0
23576,1
23577,0
23578,0
23579,0
23580,0
23581,1
23582,1
23583,1
23584,0
23585,1
23586,1
23587,1
23588,1
23589,1
23590,1
23591,1
23592,1
23593,1
23594,1
23595,1
23596,1
23597,1
23598,1
23599,1
23600,1
23601,1
23602,1
23603,1
23604,1
23605,1
23606,1
23607,1
23608,1
23609,1
23610,1
23611,1
23612,1
23613,1
23614,1
23615,1
23616,1
23617,1
23618,1
23619,1
23620,1
23621,1
23622,1
23623,1
23624,1
23625,1
23626,1
23627,1
23628,1
23629,1
23630,1
23631,1
23632,1
23633,1
23634,1
23635,1
23636,1
23637,1
23638,1
23639,1
23640,1
23641,1
23642,1
23643,1
23644,1
23645,1
23646,1
23647,1
23648,1
23649,1
23650,1
23651,1
23652,1
23653,1
23654,1
23655,1
23656,1
23657,1
23658,1
23659,1
23660,1
23661,1
23662,1
23663,1
23664,1
23665,1
23666,1
23667,1
23668,1
23669,1
23670,1
23671,1
23672,1
23673,0
23674,1
23675,1
23676,1
23677,1
23678,1
23679,1
23680,1
23681,1
23682,0
23683,0
23684,0
23685,1
23686,0
23687,1
23688,0
23689,0
23690,0
23691,0
23692,1
23693,0
23694,1
23695,1
23696,0
23697,1
23698,0
23699,0
23700,1
23701,1
23702,1
23703,0
23704,0
23705,0
23706,0
23707,0
23708,1
23709,1
23710,1
23711,1
23712,0
23713,0
23714,1
23715,1
23716,0
23717,0
23718,0
23719,0
23720,0
23721,1
23722,0
23723,0
23724,0
23725,0
23726,0
23727,0
23728,0
23729,0
23730,0
23731,1
23732,1
23733,0
23734,1
23735,0
23736,0
23737,0
23738,0
23739,0
23740,0
23741,0
23742,1
23743,0
23744,0
23745,0
23746,0
23747,1
23748,0
23749,1
23750,1
23751,0
23752,0
23753,0
23754,1
23755,0
23756,1
23757,0
23758,0
23759,0
23760,0
23761,0
23762,0
23763,0
23764,1
23765,0
23766,0
23767,0
23768,0
23769,0
23770,0
23771,0
23772,0
23773,0
23774,0
23775,1
23776,0
23777,0
23778,0
23779,0
23780,0
23781,0
23782,0
23783,0
23784,0
23785,0
23786,0
23787,0
23788,0
23789,0
23790,0
23791,0
23792,0
23793,0
23794,0
23795,0
23796,0
23797,0
23798,1
23799,0
23800,0
23801,0
23802,0
23803,0
23804,0
23805,0
23806,0
23807,0
23808,1
23809,0
23810,0
23811,0
23812,0
23813,0
23814,0
23815,0
23816,0
23817,1
23818,0
23819,0
23820,0
23821,0
23822,1
23823,0
23824,0
23825,0
23826,0
23827,0
23828,0
23829,0
23830,0
23831,0
23832,0
23833,0
23834,0
23835,0
23836,0
23837,0
23838,0
23839,0
23840,0
23841,0
23842,0
23843,0
23844,0
23845,0
23846,0
23847,0
23848,0
23849,1
23850,0
23851,0
23852,0
23853,0
23854,0
23855,0
23856,0
23857,0
23858,0
23859,0
23860,0
23861,0
23862,0
23863,0
23864,0
23865,0
23866,0
23867,0
23868,0
23869,0
23870,0
23871,0
23872,0
23873,0
23874,1
23875,0
23876,0
23877,0
23878,0
23879,0
23880,0
23881,0
23882,0
23883,1
23884,0
23885,0
23886,0
23887,0
23888,0
23889,0
23890,0
23891,1
23892,0
23893,0
23894,0
23895,1
23896,1
23897,0
23898,0
23899,0
23900,0
23901,0
23902,0
23903,1
23904,0
23905,0
23906,0
23907,0
23908,0
23909,0
23910,0
23911,0
23912,1
23913,0
23914,0
23915,0
23916,0
23917,0
23918,1
23919,0
23920,0
23921,0
23922,0
23923,0
23924,0
23925,0
23926,0
23927,0
23928,0
23929,0
23930,0
23931,0
23932,0
23933,0
23934,0
23935,0
23936,0
23937,0
23938,1
23939,0
23940,1
23941,1
23942,0
23943,0
23944,0
23945,0
23946,0
23947,0
23948,0
23949,0
23950,0
23951,0
23952,0
23953,0
23954,0
23955,0
23956,1
23957,0
23958,0
23959,0
23960,0
23961,0
23962,1
23963,1
23964,0
23965,1
23966,0
23967,0
23968,0
23969,0
23970,0
23971,0
23972,0
23973,0
23974,0
23975,0
23976,0
23977,0
23978,0
23979,0
23980,0
23981,0
23982,1
23983,1
23984,0
23985,1
23986,0
23987,0
23988,0
23989,0
23990,0
23991,0
23992,1
23993,0
23994,0
23995,0
23996,0
23997,0
23998,0
23999,0
24000,0
24001,0
24002,0
24003,0
24004,0
24005,0
24006,0
24007,0
24008,0
24009,0
24010,0
24011,0
24012,0
24013,0
24014,1
24015,1
24016,1
24017,0
24018,0
24019,1
24020,1
24021,0
24022,0
24023,0
24024,0
24025,0
24026,0
24027,0
24028,0
24029,1
24030,0
24031,1
24032,0
24033,0
24034,0
24035,0
24036,0
24037,0
24038,1
24039,0
24040,0
24041,1
24042,1
24043,0
24044,0
24045,0
24046,0
24047,0
24048,0
24049,0
24050,0
24051,1
24052,0
24053,1
24054,0
24055,1
24056,0
24057,1
24058,0
24059,0
24060,0
24061,0
24062,0
24063,0
24064,0
24065,1
24066,0
24067,1
24068,1
24069,0
24070,0
24071,1
24072,1
24073,0
24074,0
24075,0
24076,1
24077,1
24078,0
24079,0
24080,0
24081,0
24082,0
24083,0
24084,0
24085,0
24086,1
24087,0
24088,1
24089,1
24090,0
24091,0
24092,0
24093,0
24094,0
24095,0
24096,0
24097,0
24098,0
24099,0
24100,0
24101,0
24102,1
24103,0
24104,0
24105,0
24106,1
24107,0
24108,0
24109,0
24110,1
24111,1
24112,1
24113,0
24114,1
24115,0
24116,0
24117,0
24118,0
24119,0
24120,0
24121,1
24122,0
24123,0
24124,0
24125,0
24126,0
24127,0
24128,0
24129,0
24130,0
24131,0
24132,0
24133,0
24134,0
24135,0
24136,1
24137,0
24138,1
24139,0
24140,0
24141,0
24142,0
24143,0
24144,0
24145,0
24146,0
24147,0
24148,0
24149,0
24150,0
24151,1
24152,0
24153,0
24154,0
24155,0
24156,0
24157,0
24158,0
24159,0
24160,1
24161,0
24162,0
24163,0
24164,1
24165,0
24166,0
24167,0
24168,0
24169,0
24170,0
24171,0
24172,0
24173,0
24174,0
24175,0
24176,0
24177,0
24178,0
24179,0
24180,0
24181,0
24182,0
24183,0
24184,0
24185,0
24186,1
24187,0
24188,0
24189,0
24190,0
24191,0
24192,0
24193,0
24194,0
24195,0
24196,0
24197,0
24198,0
24199,0
24200,0
24201,0
24202,0
24203,0
24204,0
24205,0
24206,0
24207,0
24208,0
24209,1
24210,0
24211,0
24212,0
24213,0
24214,1
24215,0
24216,0
24217,0
24218,0
24219,0
24220,0
24221,0
24222,0
24223,0
24224,0
24225,0
24226,0
24227,0
24228,0
24229,0
24230,0
24231,0
24232,0
24233,0
24234,0
24235,0
24236,1
24237,0
24238,0
24239,0
24240,0
24241,0
24242,0
24243,0
24244,0
24245,0
24246,0
24247,0
24248,0
24249,0
24250,0
24251,0
24252,0
24253,0
24254,0
24255,0
24256,0
24257,0
24258,0
24259,0
24260,0
24261,0
24262,0
24263,0
24264,0
24265,0
24266,0
24267,0
24268,0
24269,0
24270,0
24271,0
24272,0
24273,0
24274,1
24275,0
24276,0
24277,0
24278,0
24279,0
24280,0
24281,0
24282,0
24283,0
24284,0
24285,0
24286,0
24287,0
24288,0
24289,0
24290,0
24291,0
24292,0
24293,0
24294,0
24295,0
24296,0
24297,0
24298,0
24299,0
24300,0
24301,0
24302,0
24303,0
24304,0
24305,0
24306,0
24307,0
24308,0
24309,0
24310,0
24311,0
24312,0
24313,0
24314,0
24315,1
24316,0
24317,0
24318,0
24319,0
24320,0
24321,1
24322,1
24323,0
24324,0
24325,1
24326,0
24327,1
24328,1
24329,0
24330,0
24331,0
24332,0
24333,1
24334,0
24335,1
24336,0
24337,0
24338,0
24339,0
24340,1
24341,0
24342,1
24343,1
24344,0
24345,1
24346,0
24347,0
24348,1
24349,1
24350,1
24351,1
24352,1
24353,0
24354,0
24355,0
24356,1
24357,0
24358,1
24359,1
24360,1
24361,0
24362,0
24363,0
24364,0
24365,0
24366,0
24367,0
24368,1
24369,0
24370,1
24371,1
24372,1
24373,0
24374,0
24375,0
24376,0
24377,0
24378,0
24379,0
24380,1
24381,0
24382,0
24383,1
24384,0
24385,0
24386,0
24387,0
24388,1
24389,0
24390,1
24391,0
24392,0
24393,0
24394,0
24395,0
24396,0
24397,0
24398,0
24399,0
24400,0
24401,0
24402,0
24403,0
24404,0
24405,0
24406,0
24407,0
24408,0
24409,0
24410,0
24411,0
24412,0
24413,0
24414,0
24415,0
24416,0
24417,0
24418,0
24419,0
24420,0
24421,0
24422,0
24423,0
24424,0
24425,0
24426,0
24427,0
24428,0
24429,1
24430,0
24431,0
24432,0
24433,0
24434,0
24435,0
24436,0
24437,0
24438,0
24439,0
24440,0
24441,0
24442,0
24443,0
24444,0
24445,0
24446,0
24447,0
24448,0
24449,0
24450,0
24451,0
24452,0
24453,0
24454,0
24455,0
24456,0
24457,0
24458,0
24459,0
24460,0
24461,0
24462,1
24463,1
24464,0
24465,0
24466,0
24467,0
24468,0
24469,0
24470,0
24471,0
24472,0
24473,0
24474,0
24475,0
24476,0
24477,1
24478,0
24479,0
24480,0
24481,0
24482,0
24483,0
24484,0
24485,0
24486,0
24487,0
24488,0
24489,0
24490,0
24491,0
24492,0
24493,0
24494,0
24495,0
24496,0
24497,0
24498,0
24499,0
24500,0
24501,0
24502,0
24503,0
24504,0
24505,0
24506,0
24507,0
24508,0
24509,0
24510,0
24511,0
24512,0
24513,0
24514,0
24515,0
24516,0
24517,1
24518,0
24519,0
24520,0
24521,0
24522,0
24523,0
24524,0
24525,0
24526,0
24527,0
24528,0
24529,0
24530,0
24531,0
24532,0
24533,0
24534,0
24535,0
24536,0
24537,0
24538,0
24539,0
24540,0
24541,0
24542,0
24543,0
24544,0
24545,0
24546,1
24547,0
24548,0
24549,0
24550,0
24551,0
24552,0
24553,0
24554,0
24555,0
24556,0
24557,0
24558,0
24559,0
24560,0
24561,0
24562,1
24563,0
24564,0
24565,0
24566,0
24567,0
24568,1
24569,0
24570,0
24571,0
24572,0
24573,0
24574,0
24575,1
24576,0
24577,0
24578,0
24579,0
24580,0
24581,0
24582,0
24583,0
24584,0
24585,0
24586,0
24587,0
24588,0
24589,0
24590,0
24591,0
24592,0
24593,0
24594,1
24595,0
24596,0
24597,0
24598,0
24599,0
24600,0
24601,1
24602,0
24603,1
24604,1
24605,1
24606,0
24607,0
24608,1
24609,1
24610,0
24611,0
24612,0
24613,0
24614,1
24615,0
24616,1
24617,1
24618,1
24619,0
24620,1
24621,1
24622,1
24623,1
24624,0
24625,0
24626,1
24627,1
24628,1
24629,1
24630,1
24631,0
24632,1
24633,1
24634,1
24635,1
24636,1
24637,0
24638,0
24639,1
24640,1
24641,1
24642,1
24643,1
24644,0
24645,1
24646,1
24647,0
24648,0
24649,1
24650,1
24651,0
24652,1
24653,0
24654,1
24655,0
24656,1
24657,1
24658,1
24659,1
24660,1
24661,1
24662,1
24663,0
24664,1
24665,1
24666,1
24667,1
24668,1
24669,0
24670,0
24671,0
24672,0
24673,1
24674,1
24675,1
24676,1
24677,0
24678,1
24679,0
24680,0
24681,0
24682,0
24683,1
24684,1
24685,0
24686,1
24687,0
24688,0
24689,0
24690,0
24691,0
24692,0
24693,0
24694,1
24695,0
24696,0
24697,0
24698,0
24699,0
24700,0
24701,0
24702,0
24703,0
24704,0
24705,0
24706,0
24707,0
24708,0
24709,0
24710,0
24711,0
24712,1
24713,0
24714,0
24715,0
24716,0
24717,1
24718,0
24719,0
24720,0
24721,0
24722,0
24723,0
24724,0
24725,0
24726,0
24727,0
24728,0
24729,0
24730,0
24731,0
24732,0
24733,0
24734,0
24735,0
24736,0
24737,1
24738,1
24739,1
24740,0
24741,0
24742,0
24743,0
24744,0
24745,0
24746,0
24747,0
24748,0
24749,0
24750,0
24751,0
24752,0
24753,0
24754,0
24755,0
24756,0
24757,0
24758,0
24759,1
24760,0
24761,0
24762,0
24763,0
24764,0
24765,0
24766,0
24767,1
24768,0
24769,0
24770,0
24771,0
24772,0
24773,0
24774,0
24775,0
24776,0
24777,0
24778,1
24779,1
24780,0
24781,1
24782,0
24783,0
24784,0
24785,0
24786,0
24787,0
24788,0
24789,0
24790,0
24791,0
24792,0
24793,0
24794,1
24795,1
24796,1
24797,1
24798,0
24799,0
24800,0
24801,0
24802,1
24803,0
24804,1
24805,0
24806,1
24807,1
24808,0
24809,1
24810,1
24811,1
24812,0
24813,1
24814,1
24815,0
24816,1
24817,1
24818,0
24819,1
24820,1
24821,0
24822,0
24823,0
24824,0
24825,1
24826,0
24827,1
24828,0
24829,0
24830,0
24831,0
24832,1
24833,1
24834,1
24835,1
24836,1
24837,1
24838,1
24839,1
24840,1
24841,0
24842,0
24843,0
24844,0
24845,1
24846,1
24847,1
24848,0
24849,0
24850,1
24851,0
24852,1
24853,1
24854,0
24855,1
24856,0
24857,0
24858,1
24859,0
24860,0
24861,1
24862,0
24863,0
24864,1
24865,0
24866,0
24867,1
24868,1
24869,0
24870,1
24871,1
24872,0
24873,0
24874,1
24875,1
24876,0
24877,1
24878,0
24879,1
24880,1
24881,0
24882,1
24883,1
24884,1
24885,1
24886,1
24887,1
24888,1
24889,1
24890,1
24891,1
24892,1
24893,1
24894,1
24895,1
24896,0
24897,1
24898,1
24899,1
24900,1
24901,1
24902,1
24903,1
24904,1
24905,1
24906,1
24907,1
24908,1
24909,1
24910,1
24911,1
24912,1
24913,1
24914,1
24915,1
24916,1
24917,1
24918,1
24919,1
24920,0
24921,0
24922,1
24923,1
24924,1
24925,1
24926,1
24927,1
24928,1
24929,1
24930,0
24931,1
24932,0
24933,1
24934,1
24935,1
24936,1
24937,1
24938,1
24939,1
24940,1
24941,1
24942,1
24943,1
24944,1
24945,1
24946,1
24947,1
24948,1
24949,1
24950,1
24951,1
24952,1
24953,1
24954,1
24955,1
24956,1
24957,1
24958,1
24959,1
24960,1
24961,0
24962,0
24963,1
24964,0
24965,1
24966,1
24967,1
24968,1
24969,1
24970,1
24971,1
24972,1
24973,1
24974,1
24975,1
24976,1
24977,1
24978,1
24979,1
24980,1
24981,1
24982,1
24983,1
24984,1
24985,0
24986,0
24987,0
24988,0
24989,0
24990,0
24991,0
24992,0
24993,0
24994,0
24995,0
24996,0
24997,0
24998,0
24999,0
25000,0
25001,0
25002,0
25003,0
25004,0
25005,0
25006,0
25007,0
25008,0
25009,0
25010,0
25011,0
25012,0
25013,0
25014,0
25015,0
25016,0
25017,0
25018,0
25019,0
25020,0
25021,0
25022,0
25023,1
25024,0
25025,0
25026,0
25027,0
25028,0
25029,1
25030,1
25031,0
25032,0
25033,1
25034,0
25035,0
25036,0
25037,0
25038,0
25039,0
25040,0
25041,0
25042,0
25043,0
25044,0
25045,0
25046,0
25047,0
25048,0
25049,0
25050,0
25051,0
25052,0
25053,0
25054,0
25055,0
25056,0
25057,0
25058,0
25059,0
25060,0
25061,0
25062,0
25063,0
25064,0
25065,0
25066,0
25067,0
25068,0
25069,0
25070,0
25071,1
25072,1
25073,0
25074,0
25075,0
25076,0
25077,0
25078,0
25079,0
25080,0
25081,0
25082,0
25083,0
25084,0
25085,0
25086,1
25087,1
25088,1
25089,1
25090,1
25091,1
25092,0
25093,1
25094,1
25095,1
25096,1
25097,1
25098,1
25099,1
25100,1
25101,0
25102,1
25103,1
25104,1
25105,1
25106,1
25107,1
25108,1
25109,1
25110,1
25111,1
25112,1
25113,1
25114,1
25115,1
25116,1
25117,0
25118,1
25119,1
25120,1
25121,1
25122,1
25123,1
25124,1
25125,1
25126,1
25127,1
25128,1
25129,1
25130,1
25131,1
25132,1
25133,1
25134,1
25135,1
25136,1
25137,1
25138,1
25139,1
25140,1
25141,1
25142,1
25143,1
25144,1
25145,1
25146,1
25147,1
25148,1
25149,1
25150,1
25151,1
25152,1
25153,1
25154,1
25155,1
25156,1
25157,1
25158,1
25159,1
25160,1
25161,1
25162,1
25163,1
25164,0
25165,0
25166,0
25167,0
25168,0
25169,0
25170,0
25171,0
25172,0
25173,0
25174,0
25175,0
25176,0
25177,0
25178,0
25179,0
25180,0
25181,0
25182,0
25183,0
25184,0
25185,0
25186,0
25187,0
25188,0
25189,0
25190,0
25191,0
25192,0
25193,0
25194,0
25195,0
25196,0
25197,0
25198,0
25199,0
25200,0
25201,0
25202,0
25203,0
25204,0
25205,0
25206,0
25207,0
25208,0
25209,0
25210,0
25211,0
25212,0
25213,0
25214,0
25215,0
25216,0
25217,0
25218,0
25219,0
25220,0
25221,0
25222,0
25223,0
25224,0
25225,0
25226,0
25227,0
25228,0
25229,0
25230,0
25231,0
25232,0
25233,0
25234,0
25235,0
25236,0
25237,0
25238,0
25239,0
25240,0
25241,0
25242,0
25243,0
25244,0
25245,0
25246,0
25247,0
25248,0
25249,0
25250,0
25251,0
25252,0
25253,0
25254,0
25255,0
25256,0
25257,0
25258,0
25259,0
25260,0
25261,0
25262,0
25263,0
25264,1
25265,0
25266,1
25267,0
25268,0
25269,1
25270,0
25271,0
25272,0
25273,0
25274,0
25275,1
25276,0
25277,0
25278,0
25279,0
25280,0
25281,0
25282,0
25283,0
25284,1
25285,0
25286,0
25287,1
25288,1
25289,1
25290,1
25291,1
25292,0
25293,1
25294,0
25295,1
25296,1
25297,0
25298,0
25299,0
25300,0
25301,0
25302,1
25303,1
25304,0
25305,0
25306,1
25307,0
25308,0
25309,0
25310,0
25311,1
25312,1
25313,1
25314,0
25315,0
25316,1
25317,0
25318,0
25319,0
25320,0
25321,1
25322,1
25323,0
25324,0
25325,1
25326,0
25327,0
25328,0
25329,0
25330,0
25331,0
25332,0
25333,0
25334,0
25335,0
25336,0
25337,0
25338,0
25339,0
25340,0
25341,0
25342,1
25343,0
25344,1
25345,0
25346,0
25347,0
25348,0
25349,0
25350,0
25351,1
25352,0
25353,0
25354,0
25355,1
25356,0
25357,1
25358,0
25359,0
25360,0
25361,0
25362,1
25363,0
25364,1
25365,0
25366,0
25367,0
25368,0
25369,0
25370,1
25371,0
25372,0
25373,1
25374,0
25375,0
25376,0
25377,0
25378,0
25379,1
25380,0
25381,0
25382,0
25383,0
25384,0
25385,0
25386,1
25387,1
25388,0
25389,0
25390,0
25391,0
25392,0
25393,0
25394,0
25395,0
25396,0
25397,0
25398,0
25399,0
25400,0
25401,0
25402,0
25403,0
25404,0
25405,0
25406,0
25407,0
25408,0
25409,0
25410,0
25411,0
25412,0
25413,0
25414,1
25415,0
25416,0
25417,1
25418,0
25419,0
25420,0
25421,0
25422,0
25423,1
25424,0
25425,0
25426,0
25427,0
25428,0
25429,0
25430,0
25431,0
25432,0
25433,0
25434,0
25435,0
25436,0
25437,0
25438,0
25439,0
25440,0
25441,0
25442,1
25443,0
25444,0
25445,1
25446,0
25447,0
25448,0
25449,0
25450,0
25451,0
25452,0
25453,0
25454,0
25455,0
25456,0
25457,0
25458,0
25459,0
25460,0
25461,0
25462,0
25463,0
25464,0
25465,0
25466,0
25467,0
25468,1
25469,1
25470,0
25471,0
25472,1
25473,0
25474,0
25475,0
25476,0
25477,0
25478,1
25479,0
25480,0
25481,0
25482,1
25483,0
25484,1
25485,0
25486,0
25487,0
25488,0
25489,0
25490,0
25491,0
25492,0
25493,0
25494,1
25495,0
25496,0
25497,1
25498,0
25499,0
25500,0
25501,0
25502,0
25503,0
25504,0
25505,0
25506,0
25507,0
25508,0
25509,1
25510,0
25511,0
25512,0
25513,0
25514,0
25515,0
25516,0
25517,1
25518,0
25519,0
25520,0
25521,0
25522,0
25523,0
25524,0
25525,0
25526,0
25527,0
25528,0
25529,0
25530,0
25531,0
25532,0
25533,0
25534,1
25535,0
25536,0
25537,0
25538,1
25539,0
25540,0
25541,0
25542,1
25543,0
25544,0
25545,0
25546,0
25547,0
25548,0
25549,0
25550,1
25551,1
25552,0
25553,0
25554,0
25555,1
25556,0
25557,0
25558,0
25559,0
25560,0
25561,0
25562,0
25563,0
25564,0
25565,1
25566,0
25567,1
25568,0
25569,0
25570,1
25571,0
25572,0
25573,0
25574,0
25575,0
25576,0
25577,0
25578,0
25579,0
25580,0
25581,0
25582,0
25583,0
25584,0
25585,0
25586,0
25587,0
25588,0
25589,0
25590,0
25591,1
25592,0
25593,0
25594,1
25595,0
25596,0
25597,0
25598,0
25599,0
25600,0
25601,1
25602,0
25603,0
25604,0
25605,0
25606,0
25607,1
25608,0
25609,0
25610,0
25611,0
25612,0
25613,0
25614,0
25615,1
25616,0
25617,0
25618,0
25619,0
25620,0
25621,0
25622,0
25623,0
25624,0
25625,0
25626,0
25627,0
25628,0
25629,1
25630,0
25631,0
25632,0
25633,0
25634,1
25635,0
25636,0
25637,0
25638,0
25639,0
25640,0
25641,1
25642,0
25643,0
25644,0
25645,0
25646,0
25647,0
25648,0
25649,0
25650,0
25651,1
25652,0
25653,0
25654,0
25655,0
25656,1
25657,1
25658,0
25659,1
25660,0
25661,0
25662,1
25663,0
25664,0
25665,0
25666,0
25667,0
25668,0
25669,0
25670,0
25671,1
25672,0
25673,1
25674,0
25675,1
25676,0
25677,0
25678,0
25679,1
25680,0
25681,0
25682,0
25683,0
25684,1
25685,0
25686,0
25687,1
25688,0
25689,0
25690,0
25691,0
25692,0
25693,0
25694,0
25695,1
25696,0
25697,1
25698,0
25699,0
25700,0
25701,0
25702,0
25703,0
25704,1
25705,0
25706,0
25707,1
25708,0
25709,1
25710,1
25711,0
25712,1
25713,0
25714,0
25715,1
25716,0
25717,1
25718,0
25719,1
25720,0
25721,1
25722,0
25723,1
25724,0
25725,1
25726,0
25727,0
25728,0
25729,0
25730,1
25731,0
25732,1
25733,1
25734,0
25735,0
25736,1
25737,0
25738,1
25739,0
25740,0
25741,0
25742,0
25743,0
25744,1
25745,0
25746,0
25747,0
25748,0
25749,0
25750,0
25751,1
25752,1
25753,0
25754,0
25755,0
25756,0
25757,0
25758,0
25759,0
25760,0
25761,0
25762,0
25763,1
25764,0
25765,0
25766,0
25767,0
25768,1
25769,0
25770,1
25771,0
25772,0
25773,0
25774,0
25775,0
25776,0
25777,0
25778,1
25779,0
25780,1
25781,0
25782,0
25783,0
25784,0
25785,0
25786,0
25787,0
25788,0
25789,0
25790,0
25791,0
25792,0
25793,0
25794,0
25795,0
25796,0
25797,0
25798,1
25799,0
25800,0
25801,0
25802,1
25803,0
25804,0
25805,1
25806,0
25807,0
25808,0
25809,1
25810,0
25811,0
25812,0
25813,1
25814,0
25815,0
25816,0
25817,0
25818,0
25819,0
25820,0
25821,0
25822,0
25823,1
25824,0
25825,0
25826,0
25827,0
25828,0
25829,0
25830,0
25831,0
25832,0
25833,0
25834,0
25835,0
25836,0
25837,0
25838,0
25839,0
25840,0
25841,0
25842,0
25843,0
25844,0
25845,1
25846,0
25847,1
25848,0
25849,0
25850,0
25851,0
25852,0
25853,0
25854,1
25855,0
25856,0
25857,0
25858,0
25859,0
25860,0
25861,1
25862,0
25863,0
25864,0
25865,0
25866,0
25867,0
25868,1
25869,0
25870,0
25871,1
25872,0
25873,0
25874,0
25875,0
25876,0
25877,0
25878,0
25879,0
25880,0
25881,0
25882,0
25883,0
25884,0
25885,0
25886,0
25887,0
25888,0
25889,0
25890,0
25891,0
25892,0
25893,0
25894,0
25895,0
25896,1
25897,0
25898,0
25899,0
25900,0
25901,0
25902,0
25903,1
25904,0
25905,0
25906,0
25907,0
25908,0
25909,0
25910,1
25911,0
25912,1
25913,0
25914,0
25915,0
25916,1
25917,1
25918,0
25919,0
25920,0
25921,0
25922,1
25923,0
25924,0
25925,0
25926,0
25927,0
25928,0
25929,1
25930,0
25931,0
25932,1
25933,0
25934,0
25935,1
25936,0
25937,0
25938,1
25939,0
25940,0
25941,0
25942,0
25943,0
25944,0
25945,1
25946,0
25947,0
25948,0
25949,0
25950,1
25951,0
25952,0
25953,1
25954,1
25955,1
25956,0
25957,0
25958,0
25959,1
25960,0
25961,0
25962,0
25963,0
25964,0
25965,0
25966,0
25967,1
25968,0
25969,0
25970,0
25971,1
25972,0
25973,1
25974,0
25975,0
25976,1
25977,1
25978,0
25979,0
25980,1
25981,0
25982,0
25983,1
25984,0
25985,0
25986,0
25987,1
25988,0
25989,1
25990,1
25991,0
25992,0
25993,0
25994,1
25995,0
25996,0
25997,1
25998,0
25999,0
26000,0
26001,1
26002,0
26003,1
26004,1
26005,0
26006,0
26007,0
26008,0
26009,0
26010,0
26011,0
26012,0
26013,1
26014,0
26015,0
26016,0
26017,0
26018,0
26019,1
26020,0
26021,1
26022,0
26023,0
26024,0
26025,0
26026,1
26027,1
26028,1
26029,0
26030,0
26031,0
26032,0
26033,0
26034,1
26035,0
26036,1
26037,1
26038,0
26039,0
26040,0
26041,0
26042,0
26043,0
26044,1
26045,0
26046,0
26047,0
26048,0
26049,0
26050,0
26051,0
26052,1
26053,0
26054,1
26055,1
26056,0
26057,0
26058,0
26059,0
26060,1
26061,0
26062,1
26063,1
26064,1
26065,1
26066,1
26067,1
26068,0
26069,1
26070,1
26071,1
26072,1
26073,1
26074,1
26075,1
26076,1
26077,1
26078,1
26079,1
26080,1
26081,1
26082,0
26083,1
26084,1
26085,1
26086,1
26087,1
26088,1
26089,1
26090,1
26091,0
26092,1
26093,1
26094,1
26095,1
26096,1
26097,1
26098,1
26099,1
26100,1
26101,1
26102,0
26103,1
26104,1
26105,0
26106,1
26107,1
26108,1
26109,1
26110,1
26111,1
26112,1
26113,1
26114,1
26115,1
26116,1
26117,1
26118,1
26119,1
26120,1
26121,1
26122,1
26123,1
26124,1
26125,0
26126,0
26127,0
26128,0
26129,0
26130,0
26131,0
26132,0
26133,0
26134,0
26135,0
26136,0
26137,0
26138,0
26139,0
26140,0
26141,0
26142,1
26143,0
26144,0
26145,1
26146,0
26147,0
26148,1
26149,0
26150,0
26151,0
26152,0
26153,1
26154,0
26155,0
26156,0
26157,1
26158,0
26159,0
26160,0
26161,0
26162,0
26163,0
26164,0
26165,0
26166,1
26167,0
26168,0
26169,0
26170,0
26171,0
26172,0
26173,0
26174,0
26175,0
26176,1
26177,0
26178,0
26179,0
26180,0
26181,0
26182,0
26183,0
26184,0
26185,0
26186,0
26187,0
26188,0
26189,0
26190,0
26191,0
26192,0
26193,0
26194,0
26195,0
26196,0
26197,1
26198,0
26199,0
26200,0
26201,0
26202,0
26203,0
26204,0
26205,0
26206,0
26207,0
26208,1
26209,0
26210,1
26211,1
26212,0
26213,0
26214,0
26215,0
26216,0
26217,0
26218,0
26219,1
26220,0
26221,0
26222,0
26223,0
26224,0
26225,0
26226,0
26227,0
26228,1
26229,0
26230,0
26231,0
26232,0
26233,0
26234,0
26235,0
26236,0
26237,0
26238,0
26239,0
26240,0
26241,0
26242,0
26243,0
26244,0
26245,0
26246,0
26247,1
26248,0
26249,1
26250,1
26251,0
26252,0
26253,0
26254,0
26255,0
26256,1
26257,0
26258,0
26259,0
26260,0
26261,0
26262,0
26263,0
26264,0
26265,0
26266,0
26267,1
26268,0
26269,0
26270,0
26271,0
26272,0
26273,0
26274,0
26275,0
26276,0
26277,1
26278,0
26279,0
26280,0
26281,0
26282,0
26283,0
26284,0
26285,0
26286,0
26287,0
26288,1
26289,0
26290,0
26291,0
26292,0
26293,0
26294,0
26295,0
26296,0
26297,0
26298,0
26299,0
26300,0
26301,0
26302,0
26303,0
26304,1
26305,0
26306,0
26307,0
26308,0
26309,0
26310,0
26311,0
26312,0
26313,0
26314,1
26315,0
26316,0
26317,0
26318,0
26319,0
26320,0
26321,0
26322,0
26323,0
26324,0
26325,1
26326,0
26327,0
26328,0
26329,0
26330,0
26331,0
26332,0
26333,0
26334,0
26335,0
26336,0
26337,1
26338,0
26339,0
26340,0
26341,0
26342,0
26343,0
26344,0
26345,0
26346,0
26347,0
26348,0
26349,0
26350,0
26351,0
26352,0
26353,0
26354,0
26355,0
26356,0
26357,0
26358,0
26359,0
26360,0
26361,0
26362,0
26363,0
26364,0
26365,0
26366,0
26367,0
26368,0
26369,0
26370,0
26371,0
26372,0
26373,0
26374,0
26375,0
26376,0
26377,0
26378,0
26379,0
26380,0
26381,0
26382,0
26383,0
26384,0
26385,0
26386,0
26387,0
26388,0
26389,0
26390,0
26391,0
26392,0
26393,0
26394,0
26395,0
26396,1
26397,1
26398,1
26399,0
26400,0
26401,0
26402,0
26403,0
26404,0
26405,0
26406,0
26407,0
26408,0
26409,0
26410,0
26411,0
26412,0
26413,0
26414,0
26415,0
26416,0
26417,0
26418,0
26419,0
26420,0
26421,0
26422,1
26423,0
26424,0
26425,0
26426,0
26427,0
26428,0
26429,0
26430,0
26431,0
26432,0
26433,0
26434,1
26435,0
26436,0
26437,0
26438,0
26439,0
26440,0
26441,0
26442,0
26443,0
26444,0
26445,0
26446,0
26447,0
26448,0
26449,0
26450,1
26451,0
26452,0
26453,1
26454,0
26455,0
26456,1
26457,1
26458,0
26459,0
26460,0
26461,0
26462,0
26463,0
26464,0
26465,0
26466,0
26467,0
26468,0
26469,0
26470,0
26471,0
26472,0
26473,0
26474,0
26475,0
26476,0
26477,0
26478,0
26479,0
26480,1
26481,0
26482,0
26483,0
26484,0
26485,0
26486,0
26487,0
26488,0
26489,0
26490,0
26491,1
26492,0
26493,1
26494,0
26495,0
26496,0
26497,0
26498,0
26499,0
26500,0
26501,0
26502,0
26503,0
26504,0
26505,0
26506,0
26507,0
26508,0
26509,0
26510,0
26511,0
26512,0
26513,0
26514,0
26515,0
26516,0
26517,0
26518,0
26519,0
26520,0
26521,0
26522,0
26523,0
26524,0
26525,1
26526,0
26527,0
26528,0
26529,0
26530,0
26531,0
26532,0
26533,0
26534,1
26535,0
26536,1
26537,1
26538,1
26539,1
26540,1
26541,1
26542,1
26543,1
26544,1
26545,1
26546,1
26547,1
26548,1
26549,1
26550,1
26551,0
26552,1
26553,1
26554,0
26555,1
26556,1
26557,1
26558,1
26559,1
26560,0
26561,1
26562,1
26563,1
26564,1
26565,0
26566,1
26567,1
26568,1
26569,1
26570,1
26571,1
26572,1
26573,1
26574,1
26575,0
26576,1
26577,1
26578,1
26579,1
26580,1
26581,1
26582,1
26583,1
26584,1
26585,1
26586,0
26587,0
26588,0
26589,1
26590,0
26591,1
26592,1
26593,1
26594,1
26595,1
26596,1
26597,0
26598,1
26599,1
26600,1
26601,1
26602,1
26603,1
26604,1
26605,1
26606,1
26607,1
26608,1
26609,1
26610,1
26611,1
26612,1
26613,1
26614,1
26615,1
26616,1
26617,1
26618,1
26619,1
26620,1
26621,1
26622,1
26623,1
26624,1
26625,1
26626,1
26627,1
26628,1
26629,0
26630,1
26631,0
26632,1
26633,1
26634,1
26635,1
26636,1
26637,1
26638,0
26639,1
26640,1
26641,0
26642,0
26643,0
26644,0
26645,0
26646,0
26647,0
26648,0
26649,0
26650,0
26651,0
26652,0
26653,0
26654,0
26655,1
26656,0
26657,0
26658,0
26659,0
26660,0
26661,0
26662,0
26663,1
26664,0
26665,0
26666,0
26667,0
26668,0
26669,0
26670,0
26671,0
26672,0
26673,0
26674,1
26675,0
26676,0
26677,0
26678,0
26679,0
26680,1
26681,0
26682,0
26683,0
26684,1
26685,0
26686,0
26687,1
26688,0
26689,0
26690,1
26691,0
26692,0
26693,0
26694,0
26695,0
26696,0
26697,0
26698,0
26699,0
26700,0
26701,0
26702,0
26703,1
26704,0
26705,0
26706,0
26707,0
26708,0
26709,0
26710,0
26711,0
26712,0
26713,0
26714,0
26715,1
26716,0
26717,0
26718,1
26719,0
26720,0
26721,0
26722,0
26723,0
26724,0
26725,0
26726,0
26727,0
26728,0
26729,0
26730,1
26731,1
26732,1
26733,1
26734,1
26735,1
26736,1
26737,1
26738,0
26739,0
26740,1
26741,1
26742,1
26743,1
26744,1
26745,0
26746,1
26747,1
26748,1
26749,1
26750,1
26751,1
26752,0
26753,1
26754,1
26755,1
26756,1
26757,1
26758,1
26759,1
26760,1
26761,1
26762,0
26763,0
26764,1
26765,1
26766,1
26767,1
26768,1
26769,1
26770,1
26771,1
26772,1
26773,1
26774,1
26775,1
26776,1
26777,1
26778,1
26779,1
26780,1
26781,1
26782,1
26783,0
26784,0
26785,1
26786,1
26787,1
26788,1
26789,1
26790,1
26791,1
26792,1
26793,1
26794,1
26795,1
26796,1
26797,1
26798,1
26799,1
26800,1
26801,1
26802,1
26803,1
26804,1
26805,1
26806,1
26807,1
26808,1
26809,1
26810,1
26811,1
26812,1
26813,1
26814,1
26815,1
26816,1
26817,1
26818,1
26819,1
26820,1
26821,1
26822,1
26823,0
26824,1
26825,0
26826,1
26827,1
26828,1
26829,1
26830,1
26831,0
26832,1
26833,1
26834,1
26835,1
26836,1
26837,1
26838,1
26839,1
26840,1
26841,1
26842,1
26843,1
26844,1
26845,1
26846,0
26847,0
26848,1
26849,1
26850,1
26851,1
26852,1
26853,1
26854,1
26855,1
26856,1
26857,1
26858,1
26859,0
26860,1
26861,1
26862,1
26863,1
26864,1
26865,0
26866,1
26867,0
26868,1
26869,0
26870,0
26871,0
26872,0
26873,0
26874,0
26875,0
26876,0
26877,0
26878,0
26879,0
26880,0
26881,1
26882,0
26883,0
26884,0
26885,1
26886,1
26887,0
26888,0
26889,0
26890,0
26891,0
26892,0
26893,0
26894,1
26895,0
26896,0
26897,0
26898,1
26899,0
26900,0
26901,0
26902,0
26903,0
26904,0
26905,0
26906,0
26907,0
26908,0
26909,0
26910,0
26911,0
26912,0
26913,0
26914,0
26915,0
26916,0
26917,0
26918,0
26919,0
26920,0
26921,0
26922,0
26923,0
26924,0
26925,0
26926,0
26927,1
26928,0
26929,0
26930,0
26931,0
26932,0
26933,0
26934,0
26935,0
26936,0
26937,0
26938,0
26939,0
26940,0
26941,0
26942,0
26943,0
26944,1
26945,0
26946,0
26947,0
26948,0
26949,0
26950,0
26951,0
26952,0
26953,0
26954,0
26955,0
26956,1
26957,1
26958,1
26959,1
26960,1
26961,1
26962,0
26963,0
26964,1
26965,1
26966,1
26967,1
26968,0
26969,1
26970,1
26971,1
26972,1
26973,1
26974,1
26975,1
26976,1
26977,1
26978,1
26979,1
26980,1
26981,1
26982,1
26983,1
26984,1
26985,1
26986,0
26987,1
26988,1
26989,1
26990,1
26991,1
26992,1
26993,1
26994,1
26995,0
26996,1
26997,1
26998,1
26999,1
27000,1
27001,1
27002,1
27003,1
27004,1
27005,1
27006,1
27007,1
27008,1
27009,1
27010,1
27011,1
27012,1
27013,1
27014,1
27015,1
27016,1
27017,1
27018,1
27019,1
27020,1
27021,1
27022,1
27023,1
27024,0
27025,1
27026,1
27027,1
27028,1
27029,1
27030,1
27031,1
27032,1
27033,1
27034,1
27035,1
27036,0
27037,1
27038,1
27039,1
27040,1
27041,1
27042,0
27043,1
27044,1
27045,1
27046,1
27047,1
27048,1
27049,0
27050,1
27051,0
27052,0
27053,0
27054,0
27055,0
27056,0
27057,0
27058,0
27059,0
27060,0
27061,0
27062,0
27063,0
27064,0
27065,0
27066,0
27067,1
27068,0
27069,0
27070,0
27071,0
27072,0
27073,0
27074,0
27075,0
27076,0
27077,0
27078,0
27079,0
27080,0
27081,0
27082,0
27083,1
27084,0
27085,0
27086,0
27087,0
27088,0
27089,0
27090,0
27091,0
27092,0
27093,0
27094,0
27095,0
27096,0
27097,0
27098,0
27099,0
27100,0
27101,0
27102,0
27103,1
27104,0
27105,0
27106,0
27107,0
27108,0
27109,0
27110,1
27111,0
27112,0
27113,0
27114,0
27115,0
27116,0
27117,0
27118,0
27119,0
27120,0
27121,0
27122,0
27123,0
27124,0
27125,0
27126,0
27127,0
27128,0
27129,0
27130,0
27131,0
27132,0
27133,0
27134,0
27135,0
27136,0
27137,1
27138,1
27139,1
27140,1
27141,1
27142,1
27143,1
27144,1
27145,1
27146,1
27147,1
27148,1
27149,1
27150,1
27151,1
27152,0
27153,1
27154,1
27155,1
27156,1
27157,1
27158,1
27159,1
27160,1
27161,1
27162,1
27163,1
27164,1
27165,1
27166,1
27167,1
27168,1
27169,1
27170,0
27171,1
27172,1
27173,1
27174,0
27175,1
27176,1
27177,1
27178,0
27179,1
27180,1
27181,1
27182,1
27183,1
27184,1
27185,1
27186,1
27187,1
27188,1
27189,1
27190,1
27191,1
27192,1
27193,1
27194,1
27195,1
27196,1
27197,1
27198,1
27199,1
27200,1
27201,1
27202,1
27203,0
27204,1
27205,0
27206,0
27207,0
27208,1
27209,0
27210,1
27211,0
27212,0
27213,0
27214,0
27215,0
27216,0
27217,0
27218,1
27219,0
27220,0
27221,1
27222,0
27223,0
27224,0
27225,0
27226,0
27227,0
27228,0
27229,0
27230,0
27231,0
27232,1
27233,1
27234,0
27235,0
27236,1
27237,0
27238,1
27239,0
27240,0
27241,0
27242,0
27243,0
27244,0
27245,0
27246,0
27247,1
27248,0
27249,0
27250,0
27251,0
27252,1
27253,0
27254,0
27255,0
27256,0
27257,0
27258,0
27259,0
27260,1
27261,0
27262,1
27263,0
27264,0
27265,0
27266,0
27267,1
27268,0
27269,0
27270,0
27271,0
27272,0
27273,0
27274,0
27275,0
27276,0
27277,0
27278,0
27279,0
27280,0
27281,0
27282,0
27283,1
27284,0
27285,1
27286,0
27287,0
27288,1
27289,0
27290,0
27291,1
27292,1
27293,1
27294,0
27295,0
27296,0
27297,0
27298,0
27299,0
27300,0
27301,1
27302,0
27303,0
27304,0
27305,0
27306,0
27307,0
27308,0
27309,0
27310,0
27311,1
27312,0
27313,0
27314,0
27315,0
27316,1
27317,0
27318,1
27319,0
27320,0
27321,1
27322,0
27323,0
27324,1
27325,0
27326,0
27327,0
27328,0
27329,1
27330,0
27331,0
27332,0
27333,1
27334,1
27335,0
27336,0
27337,0
27338,0
27339,1
27340,0
27341,0
27342,0
27343,0
27344,0
27345,1
27346,1
27347,1
27348,0
27349,0
27350,0
27351,0
27352,1
27353,0
27354,0
27355,1
27356,0
27357,0
27358,0
27359,0
27360,1
27361,1
27362,1
27363,0
27364,0
27365,1
27366,0
27367,1
27368,0
27369,0
27370,1
27371,0
27372,1
27373,0
27374,0
27375,0
27376,0
27377,1
27378,0
27379,0
27380,0
27381,0
27382,1
27383,1
27384,0
27385,0
27386,0
27387,0
27388,0
27389,0
27390,0
27391,0
27392,1
27393,0
27394,0
27395,1
27396,1
27397,1
27398,0
27399,1
27400,0
27401,0
27402,0
27403,0
27404,0
27405,0
27406,0
27407,0
27408,0
27409,0
27410,0
27411,0
27412,0
27413,1
27414,0
27415,0
27416,0
27417,1
27418,0
27419,0
27420,0
27421,1
27422,0
27423,0
27424,0
27425,0
27426,0
27427,0
27428,0
27429,0
27430,0
27431,0
27432,0
27433,0
27434,0
27435,0
27436,1
27437,1
27438,0
27439,0
27440,0
27441,0
27442,0
27443,1
27444,0
27445,1
27446,0
27447,0
27448,0
27449,1
27450,1
27451,0
27452,0
27453,1
27454,0
27455,0
27456,0
27457,0
27458,0
27459,1
27460,0
27461,0
27462,0
27463,0
27464,0
27465,0
27466,0
27467,0
27468,0
27469,1
27470,1
27471,1
27472,0
27473,0
27474,0
27475,1
27476,0
27477,0
27478,0
27479,0
27480,0
27481,0
27482,0
27483,0
27484,0
27485,1
27486,0
27487,0
27488,0
27489,0
27490,0
27491,1
27492,0
27493,0
27494,0
27495,0
27496,1
27497,0
27498,0
27499,0
27500,0
27501,1
27502,0
27503,0
27504,0
27505,0
27506,1
27507,0
27508,0
27509,1
27510,0
27511,1
27512,0
27513,1
27514,1
27515,1
27516,1
27517,1
27518,1
27519,0
27520,0
27521,1
27522,1
27523,1
27524,1
27525,1
27526,1
27527,1
27528,1
27529,0
27530,1
27531,1
27532,0
27533,0
27534,1
27535,1
27536,1
27537,1
27538,1
27539,1
27540,1
27541,1
27542,1
27543,1
27544,1
27545,1
27546,1
27547,1
27548,1
27549,1
27550,1
27551,1
27552,1
27553,1
27554,0
27555,1
27556,1
27557,1
27558,1
27559,1
27560,1
27561,1
27562,1
27563,1
27564,1
27565,1
27566,1
27567,1
27568,1
27569,1
27570,1
27571,0
27572,0
27573,1
27574,1
27575,0
27576,0
27577,0
27578,0
27579,1
27580,0
27581,1
27582,1
27583,0
27584,1
27585,1
27586,1
27587,1
27588,1
27589,0
27590,0
27591,0
27592,1
27593,1
27594,1
27595,0
27596,0
27597,1
27598,1
27599,1
27600,1
27601,1
27602,0
27603,1
27604,0
27605,1
27606,0
27607,0
27608,1
27609,1
27610,1
27611,0
27612,1
27613,0
27614,1
27615,1
27616,0
27617,0
27618,0
27619,0
27620,1
27621,0
27622,1
27623,0
27624,0
27625,1
27626,1
27627,1
27628,0
27629,1
27630,0
27631,0
27632,1
27633,1
27634,0
27635,1
27636,0
27637,1
27638,0
27639,1
27640,1
27641,0
27642,0
27643,0
27644,0
27645,1
27646,0
27647,1
27648,0
27649,1
27650,1
27651,0
27652,1
27653,1
27654,0
27655,0
27656,0
27657,0
27658,1
27659,0
27660,0
27661,1
27662,0
27663,0
27664,0
27665,1
27666,0
27667,0
27668,1
27669,0
27670,0
27671,0
27672,0
27673,1
27674,0
27675,0
27676,0
27677,1
27678,0
27679,0
27680,0
27681,0
27682,1
27683,0
27684,1
27685,1
27686,0
27687,0
27688,0
27689,0
27690,0
27691,0
27692,0
27693,1
27694,1
27695,0
27696,0
27697,0
27698,0
27699,0
27700,0
27701,0
27702,0
27703,0
27704,0
27705,0
27706,0
27707,0
27708,0
27709,0
27710,0
27711,0
27712,0
27713,0
27714,1
27715,0
27716,0
27717,0
27718,0
27719,0
27720,0
27721,0
27722,0
27723,0
27724,0
27725,0
27726,0
27727,0
27728,0
27729,0
27730,0
27731,0
27732,1
27733,0
27734,0
27735,1
27736,0
27737,0
27738,1
27739,1
27740,0
27741,0
27742,0
27743,0
27744,0
27745,0
27746,0
27747,0
27748,0
27749,0
27750,0
27751,1
27752,0
27753,0
27754,0
27755,0
27756,0
27757,0
27758,0
27759,0
27760,1
27761,0
27762,0
27763,0
27764,0
27765,0
27766,0
27767,0
27768,0
27769,0
27770,0
27771,0
27772,0
27773,0
27774,0
27775,0
27776,0
27777,0
27778,0
27779,0
27780,0
27781,0
27782,0
27783,0
27784,0
27785,0
27786,0
27787,0
27788,0
27789,0
27790,0
27791,0
27792,0
27793,0
27794,0
27795,0
27796,0
27797,0
27798,0
27799,0
27800,0
27801,0
27802,0
27803,0
27804,1
27805,1
27806,0
27807,1
27808,0
27809,0
27810,0
27811,0
27812,0
27813,0
27814,0
27815,0
27816,0
27817,0
27818,0
27819,0
27820,0
27821,0
27822,0
27823,0
27824,0
27825,0
27826,0
27827,0
27828,1
27829,0
27830,0
27831,0
27832,0
27833,1
27834,0
27835,1
27836,0
27837,1
27838,0
27839,1
27840,1
27841,0
27842,1
27843,1
27844,1
27845,1
27846,1
27847,1
27848,0
27849,0
27850,1
27851,1
27852,0
27853,0
27854,1
27855,1
27856,1
27857,1
27858,1
27859,1
27860,1
27861,0
27862,1
27863,1
27864,1
27865,1
27866,1
27867,0
27868,0
27869,1
27870,1
27871,1
27872,1
27873,0
27874,1
27875,1
27876,0
27877,1
27878,1
27879,0
27880,1
27881,1
27882,1
27883,1
27884,1
27885,1
27886,1
27887,0
27888,1
27889,0
27890,0
27891,1
27892,1
27893,1
27894,0
27895,1
27896,0
27897,0
27898,1
27899,1
27900,1
27901,1
27902,1
27903,1
27904,1
27905,1
27906,0
27907,1
27908,1
27909,0
27910,1
27911,1
27912,0
27913,0
27914,1
27915,1
27916,0
27917,1
27918,0
27919,1
27920,1
27921,1
27922,1
27923,1
27924,1
27925,0
27926,1
27927,1
27928,1
27929,1
27930,0
27931,1
27932,1
27933,1
27934,1
27935,1
27936,0
27937,1
27938,1
27939,1
27940,1
27941,1
27942,1
27943,0
27944,1
27945,0
27946,0
27947,1
27948,0
27949,0
27950,1
27951,1
27952,1
27953,1
27954,1
27955,1
27956,1
27957,1
27958,1
27959,1
27960,1
27961,0
27962,1
27963,1
27964,1
27965,0
27966,1
27967,0
27968,0
27969,1
27970,0
27971,0
27972,1
27973,1
27974,0
27975,1
27976,1
27977,1
27978,1
27979,1
27980,0
27981,1
27982,1
27983,1
27984,0
27985,1
27986,1
27987,0
27988,1
27989,0
27990,1
27991,1
27992,1
27993,0
27994,1
27995,0
27996,1
27997,1
27998,1
27999,1
28000,1
28001,1
28002,1
28003,0
28004,1
28005,1
28006,1
28007,0
28008,1
28009,1
28010,0
28011,0
28012,1
28013,0
28014,0
28015,1
28016,0
28017,1
28018,0
28019,1
28020,0
28021,0
28022,1
28023,1
28024,0
28025,1
28026,1
28027,1
28028,0
28029,1
28030,1
28031,1
28032,0
28033,1
28034,1
28035,1
28036,1
28037,1
28038,1
28039,0
28040,0
28041,0
28042,0
28043,0
28044,0
28045,1
28046,0
28047,0
28048,0
28049,0
28050,0
28051,0
28052,0
28053,0
28054,0
28055,0
28056,0
28057,1
28058,0
28059,0
28060,0
28061,0
28062,0
28063,0
28064,0
28065,0
28066,0
28067,0
28068,0
28069,0
28070,0
28071,0
28072,1
28073,0
28074,0
28075,0
28076,0
28077,0
28078,0
28079,0
28080,0
28081,0
28082,0
28083,0
28084,0
28085,0
28086,0
28087,0
28088,0
28089,0
28090,0
28091,1
28092,0
28093,1
28094,0
28095,0
28096,0
28097,0
28098,0
28099,0
28100,0
28101,0
28102,0
28103,0
28104,0
28105,0
28106,0
28107,0
28108,0
28109,0
28110,0
28111,0
28112,1
28113,0
28114,0
28115,0
28116,0
28117,0
28118,0
28119,0
28120,0
28121,0
28122,0
28123,0
28124,0
28125,1
28126,0
28127,0
28128,0
28129,0
28130,0
28131,0
28132,0
28133,0
28134,0
28135,0
28136,0
28137,1
28138,0
28139,0
28140,0
28141,0
28142,0
28143,1
28144,0
28145,0
28146,0
28147,1
28148,0
28149,0
28150,0
28151,1
28152,1
28153,0
28154,0
28155,0
28156,1
28157,0
28158,1
28159,0
28160,1
28161,0
28162,1
28163,0
28164,0
28165,1
28166,1
28167,0
28168,0
28169,0
28170,0
28171,0
28172,0
28173,0
28174,0
28175,0
28176,1
28177,0
28178,0
28179,0
28180,0
28181,0
28182,0
28183,1
28184,0
28185,0
28186,0
28187,0
28188,0
28189,0
28190,0
28191,0
28192,0
28193,0
28194,0
28195,0
28196,1
28197,0
28198,0
28199,0
28200,1
28201,0
28202,0
28203,0
28204,0
28205,1
28206,0
28207,1
28208,0
28209,1
28210,0
28211,0
28212,1
28213,0
28214,0
28215,0
28216,0
28217,0
28218,1
28219,0
28220,0
28221,0
28222,1
28223,1
28224,0
28225,1
28226,0
28227,0
28228,1
28229,0
28230,0
28231,0
28232,1
28233,1
28234,0
28235,1
28236,1
28237,1
28238,0
28239,0
28240,0
28241,1
28242,0
28243,0
28244,0
28245,1
28246,1
28247,1
28248,1
28249,1
28250,1
28251,1
28252,1
28253,1
28254,1
28255,1
28256,1
28257,1
28258,1
28259,1
28260,1
28261,1
28262,1
28263,1
28264,1
28265,1
28266,1
28267,1
28268,1
28269,1
28270,1
28271,1
28272,1
28273,1
28274,0
28275,1
28276,1
28277,1
28278,0
28279,1
28280,1
28281,1
28282,1
28283,1
28284,1
28285,0
28286,1
28287,1
28288,1
28289,0
28290,1
28291,1
28292,1
28293,1
28294,1
28295,1
28296,1
28297,1
28298,1
28299,1
28300,1
28301,1
28302,1
28303,1
28304,1
28305,1
28306,0
28307,1
28308,1
28309,1
28310,1
28311,1
28312,0
28313,1
28314,1
28315,1
28316,1
28317,1
